mechanism_tag,alpha,family,seed,update,update_u,update_counter,energy_E_pre,energy_E_post,energy_E_raw,funding_z,funding_g,funding_g_raw,funding_cut_active,funding_income,funding_alpha_eff,support_s,debt_charge,debt_level_pre,debt_level_post,episode_return_end_mean,terminal_min_dists_end_mean,terminal_dbar_end,terminal_occupied_end_mean,terminal_CSR_train,vartd_VarTD,depr_F,depr_F_post
hardzero_only__c0p58__z1p00__lam0p000__nu0p50__psi0p00,0.084,borrow,57,0,1.0,1,1.0,0.4288277,0.4288277,0.9784316,0.10509168,0.10509168,1.0,0.008827701,0.084,0.0,0.0,0.0,0.0,-26.905869,2.1525924,0.71753085,0.16,0.0,0.15309967,0.0,0.0
hardzero_only__c0p58__z1p00__lam0p000__nu0p50__psi0p00,0.084,borrow,57,1,1.0,2,0.4288277,-0.15117228,-0.15117228,1.0386872,0.0,0.09147718,0.0,0.0,0.084,0.0,0.0,0.0,0.15117228,-28.1786,2.2851574,0.76171917,0.136,0.0,0.15621023,0.0,0.0
hardzero_only__c0p58__z1p00__lam0p000__nu0p50__psi0p00,0.084,borrow,57,2,0.0,2,-0.15117228,-0.1457627,-0.1457627,0.99829596,0.10039314,0.10039314,1.0,0.0084330235,0.084,0.0,0.0030234456,0.15117228,0.1457627,-26.05537,2.196295,0.73209834,0.18400002,0.0,0.12186384,0.0,0.0
hardzero_only__c0p58__z1p00__lam0p000__nu0p50__psi0p00,0.084,borrow,57,3,0.0,2,-0.1457627,-0.14867795,-0.14867795,1.0479169,0.0,0.08955362,0.0,0.0,0.084,0.0,0.0029152539,0.1457627,0.14867795,-27.916878,2.3054633,0.7684878,0.14400001,0.0,0.166886,0.0,0.0
hardzero_only__c0p58__z1p00__lam0p000__nu0p50__psi0p00,0.084,borrow,57,4,0.0,2,-0.14867795,-0.1516515,-0.1516515,1.0102483,0.0,0.097667865,0.0,0.0,0.084,0.0,0.0029735588,0.14867795,0.1516515,-28.032694,2.2225907,0.74086356,0.18400002,0.0,0.14417051,0.0,0.0
hardzero_only__c0p58__z1p00__lam0p000__nu0p50__psi0p00,0.084,borrow,57,5,0.0,2,-0.1516515,-0.15468453,-0.15468453,1.0081233,0.0,0.098146915,0.0,0.0,0.084,0.0,0.00303303,0.1516515,0.15468453,-27.072018,2.2179155,0.7393052,0.15200001,0.0,0.14327234,0.0,0.0
hardzero_only__c0p58__z1p00__lam0p000__nu0p50__psi0p00,0.084,borrow,57,6,0.0,2,-0.15468453,-0.14926691,-0.14926691,0.99428314,0.10132506,0.10132506,1.0,0.008511305,0.084,0.0,0.0030936906,0.15468453,0.14926691,-27.243141,2.1874666,0.72915554,0.128,0.0,0.14581929,0.0,0.0
hardzero_only__c0p58__z1p00__lam0p000__nu0p50__psi0p00,0.084,borrow,57,7,0.0,2,-0.14926691,-0.15225226,-0.15225226,1.0150793,0.0,0.09658745,0.0,0.0,0.084,0.0,0.0029853382,0.14926691,0.15225226,-27.621025,2.233219,0.74440634,0.128,0.0,0.16680562,0.0,0.0
hardzero_only__c0p58__z1p00__lam0p000__nu0p50__psi0p00,0.084,borrow,57,8,0.0,2,-0.15225226,-0.14629108,-0.14629108,0.969736,0.10721708,0.10721708,1.0,0.009006235,0.084,0.0,0.003045045,0.15225226,0.14629108,-26.26087,2.1334617,0.7111539,0.16800001,0.0,0.13444076,0.0,0.0
hardzero_only__c0p58__z1p00__lam0p000__nu0p50__psi0p00,0.084,borrow,57,9,0.0,2,-0.14629108,-0.1492169,-0.1492169,1.0012581,0.0,0.09971071,0.0,0.0,0.084,0.0,0.0029258216,0.14629108,0.1492169,-27.040154,2.202812,0.7342707,0.17600001,0.0,0.14607584,0.0,0.0
hardzero_only__c0p58__z1p00__lam0p000__nu0p50__psi0p00,0.084,borrow,57,10,0.0,2,-0.1492169,-0.15220125,-0.15220125,1.0766853,0.0,0.08381363,0.0,0.0,0.084,0.0,0.002984338,0.1492169,0.15220125,-28.269945,2.3687549,0.789585,0.096,0.0,0.15613592,0.0,0.0
hardzero_only__c0p58__z1p00__lam0p000__nu0p50__psi0p00,0.084,borrow,57,11,0.0,2,-0.15220125,-0.14593299,-0.14593299,0.95522296,0.11086054,0.11086054,1.0,0.009312285,0.084,0.0,0.003044025,0.15220125,0.14593299,-25.949266,2.1015325,0.70051086,0.224,0.0,0.15153529,0.0,0.0
hardzero_only__c0p58__z1p00__lam0p000__nu0p50__psi0p00,0.084,borrow,57,12,0.0,2,-0.14593299,-0.14015545,-0.14015545,0.98494977,0.10352618,0.10352618,1.0,0.008696199,0.084,0.0,0.0029186597,0.14593299,0.14015545,-26.304276,2.1669328,0.72231096,0.15200001,0.0,0.1493197,0.0,0.0
hardzero_only__c0p58__z1p00__lam0p000__nu0p50__psi0p00,0.084,borrow,57,13,0.0,2,-0.14015545,-0.13397163,-0.13397163,0.9706685,0.10698711,0.10698711,1.0,0.008986917,0.084,0.0,0.002803109,0.14015545,0.13397163,-27.217514,2.1355133,0.71183777,0.17999999,0.0,0.12859906,0.0,0.0
hardzero_only__c0p58__z1p00__lam0p000__nu0p50__psi0p00,0.084,borrow,57,14,0.0,2,-0.13397163,-0.13665107,-0.13665107,1.0460416,0.0,0.089941144,0.0,0.0,0.084,0.0,0.0026794325,0.13397163,0.13665107,-27.487537,2.3013375,0.7671125,0.15200001,0.0,0.14260134,0.0,0.0
hardzero_only__c0p58__z1p00__lam0p000__nu0p50__psi0p00,0.084,borrow,57,15,0.0,2,-0.13665107,-0.13083142,-0.13083142,0.9921773,0.10181757,0.10181757,1.0,0.008552676,0.084,0.0,0.0027330213,0.13665107,0.13083142,-26.921974,2.1828337,0.72761124,0.15200001,0.0,0.14541017,0.0,0.0
hardzero_only__c0p58__z1p00__lam0p000__nu0p50__psi0p00,0.084,borrow,57,16,0.0,2,-0.13083142,-0.1249901,-0.1249901,0.99701416,0.10068987,0.10068987,1.0,0.008457949,0.084,0.0,0.0026166283,0.13083142,0.1249901,-26.906223,2.193475,0.7311584,0.18400002,0.0,0.14711125,0.0,0.0
hardzero_only__c0p58__z1p00__lam0p000__nu0p50__psi0p00,0.084,borrow,57,17,0.0,2,-0.1249901,-0.1274899,-0.1274899,1.0427833,0.0,0.09061846,0.0,0.0,0.084,0.0,0.0024998018,0.1249901,0.1274899,-27.345734,2.294169,0.764723,0.16000001,0.0,0.14252864,0.0,0.0
hardzero_only__c0p58__z1p00__lam0p000__nu0p50__psi0p00,0.084,borrow,57,18,0.0,2,-0.1274899,-0.13003969,-0.13003969,1.0533133,0.0,0.088447735,0.0,0.0,0.084,0.0,0.0025497978,0.1274899,0.13003969,-27.867487,2.3173354,0.77244514,0.136,0.0,0.15952304,0.0,0.0
hardzero_only__c0p58__z1p00__lam0p000__nu0p50__psi0p00,0.084,borrow,57,19,0.0,2,-0.13003969,-0.13264048,-0.13264048,1.0150912,0.0,0.0965848,0.0,0.0,0.084,0.0,0.0026007937,0.13003969,0.13264048,-27.060194,2.2332451,0.74441504,0.18400002,0.0,0.13980956,0.0,0.0
hardzero_only__c0p58__z1p00__lam0p000__nu0p50__psi0p00,0.084,borrow,57,20,0.0,2,-0.13264048,-0.1266097,-0.1266097,0.98557943,0.103376195,0.103376195,1.0,0.0086836,0.084,0.0,0.0026528095,0.13264048,0.1266097,-26.452246,2.168318,0.7227727,0.192,0.0,0.13247287,0.0,0.0
hardzero_only__c0p58__z1p00__lam0p000__nu0p50__psi0p00,0.084,borrow,57,21,0.0,2,-0.1266097,-0.12036446,-0.12036446,0.98091185,0.104493216,0.104493216,1.0,0.00877743,0.084,0.0,0.002532194,0.1266097,0.12036446,-26.267061,2.158049,0.71934974,0.112,0.0,0.107487716,0.0,0.0
hardzero_only__c0p58__z1p00__lam0p000__nu0p50__psi0p00,0.084,borrow,57,22,0.0,2,-0.12036446,-0.12277175,-0.12277175,1.0527762,0.0,0.08855718,0.0,0.0,0.084,0.0,0.002407289,0.12036446,0.12277175,-27.937883,2.316154,0.77205133,0.128,0.0,0.16885374,0.0,0.0
hardzero_only__c0p58__z1p00__lam0p000__nu0p50__psi0p00,0.084,borrow,57,23,0.0,2,-0.12277175,-0.11679127,-0.11679127,0.9981471,0.10042756,0.10042756,1.0,0.008435915,0.084,0.0,0.002455435,0.12277175,0.11679127,-27.391594,2.1959674,0.73198915,0.15200001,0.0,0.13341263,0.0,0.0
hardzero_only__c0p58__z1p00__lam0p000__nu0p50__psi0p00,0.084,borrow,57,24,0.0,2,-0.11679127,-0.11049142,-0.11049142,0.98798275,0.102805726,0.102805726,1.0,0.008635681,0.084,0.0,0.0023358255,0.11679127,0.11049142,-26.9271,2.1736054,0.72453517,0.104,0.0,0.11733269,0.0,0.0
hardzero_only__c0p58__z1p00__lam0p000__nu0p50__psi0p00,0.084,borrow,57,25,0.0,2,-0.11049142,-0.112701245,-0.112701245,1.0360616,0.0,0.09203189,0.0,0.0,0.084,0.0,0.0022098282,0.11049142,0.112701245,-26.987898,2.279381,0.7597937,0.096,0.0,0.14120637,0.0,0.0
hardzero_only__c0p58__z1p00__lam0p000__nu0p50__psi0p00,0.084,borrow,57,26,0.0,2,-0.112701245,-0.10636333,-0.10636333,0.99018806,0.10228499,0.10228499,1.0,0.008591939,0.084,0.0,0.0022540248,0.112701245,0.10636333,-27.313877,2.1784573,0.7261524,0.17999999,0.0,0.1247235,0.0,0.0
hardzero_only__c0p58__z1p00__lam0p000__nu0p50__psi0p00,0.084,borrow,57,27,0.0,2,-0.10636333,-0.108490594,-0.108490594,1.0546983,0.0,0.088166095,0.0,0.0,0.084,0.0,0.0021272665,0.10636333,0.108490594,-27.319191,2.3203826,0.77346087,0.2,0.0,0.14702864,0.0,0.0
hardzero_only__c0p58__z1p00__lam0p000__nu0p50__psi0p00,0.084,borrow,57,28,0.0,2,-0.108490594,-0.110660404,-0.110660404,1.0367066,0.0,0.09189532,0.0,0.0,0.084,0.0,0.0021698119,0.108490594,0.110660404,-27.697329,2.2807999,0.76026666,0.104,0.0,0.15141408,0.0,0.0
hardzero_only__c0p58__z1p00__lam0p000__nu0p50__psi0p00,0.084,borrow,57,29,0.0,2,-0.110660404,-0.10439829,-0.10439829,0.9961227,0.100896776,0.100896776,1.0,0.008475329,0.084,0.0,0.002213208,0.110660404,0.10439829,-26.71094,2.1915138,0.73050463,0.192,0.0,0.1321226,0.0,0.0
hardzero_only__c0p58__z1p00__lam0p000__nu0p50__psi0p00,0.084,borrow,57,30,0.0,2,-0.10439829,-0.10648625,-0.10648625,1.0041796,0.0,0.09904224,0.0,0.0,0.084,0.0,0.0020879656,0.10439829,0.10648625,-27.284437,2.2092392,0.7364131,0.16800001,0.0,0.15222037,0.0,0.0
hardzero_only__c0p58__z1p00__lam0p000__nu0p50__psi0p00,0.084,borrow,57,31,0.0,2,-0.10648625,-0.10861598,-0.10861598,1.0030617,0.0,0.0992975,0.0,0.0,0.084,0.0,0.002129725,0.10648625,0.10861598,-27.305296,2.2067797,0.73559326,0.128,0.0,0.13118815,0.0,0.0
hardzero_only__c0p58__z1p00__lam0p000__nu0p50__psi0p00,0.084,borrow,57,32,0.0,2,-0.10861598,-0.10235365,-0.10235365,0.9982119,0.10041257,0.10041257,1.0,0.008434656,0.084,0.0,0.0021723195,0.10861598,0.10235365,-26.614153,2.19611,0.7320367,0.2,0.0,0.16115291,0.0,0.0
hardzero_only__c0p58__z1p00__lam0p000__nu0p50__psi0p00,0.084,borrow,57,33,0.0,2,-0.10235365,-0.10440072,-0.10440072,1.0411077,0.0,0.09096878,0.0,0.0,0.084,0.0,0.0020470729,0.10235365,0.10440072,-27.218246,2.2904825,0.7634942,0.14400001,0.0,0.14173767,0.0,0.0
hardzero_only__c0p58__z1p00__lam0p000__nu0p50__psi0p00,0.084,borrow,57,34,0.0,2,-0.10440072,-0.09767137,-0.09767137,0.97894025,0.10496869,0.10496869,1.0,0.00881737,0.084,0.0,0.0020880143,0.10440072,0.09767137,-26.321548,2.1537116,0.71790385,0.18400002,0.0,0.11476455,0.0,0.0
hardzero_only__c0p58__z1p00__lam0p000__nu0p50__psi0p00,0.084,borrow,57,35,0.0,2,-0.09767137,-0.0903547,-0.0903547,0.95719504,0.110358275,0.110358275,1.0,0.009270095,0.084,0.0,0.0019534272,0.09767137,0.0903547,-26.426395,2.1058712,0.7019571,0.224,0.0,0.14013088,0.0,0.0
hardzero_only__c0p58__z1p00__lam0p000__nu0p50__psi0p00,0.084,borrow,57,36,0.0,2,-0.0903547,-0.0921618,-0.0921618,1.013303,0.0,0.096983306,0.0,0.0,0.084,0.0,0.001807094,0.0903547,0.0921618,-27.613297,2.2293112,0.74310374,0.136,0.0,0.1314311,0.0,0.0
hardzero_only__c0p58__z1p00__lam0p000__nu0p50__psi0p00,0.084,borrow,57,37,0.0,2,-0.0921618,-0.09400503,-0.09400503,1.0119239,0.0,0.09729177,0.0,0.0,0.084,0.0,0.0018432359,0.0921618,0.09400503,-26.809319,2.226277,0.7420924,0.17600001,0.0,0.1472055,0.0,0.0
hardzero_only__c0p58__z1p00__lam0p000__nu0p50__psi0p00,0.084,borrow,57,38,0.0,2,-0.09400503,-0.095885135,-0.095885135,1.0186836,0.0,0.09578917,0.0,0.0,0.084,0.0,0.0018801006,0.09400503,0.095885135,-27.315605,2.2411485,0.7470495,0.16000001,0.0,0.13269529,0.0,0.0
hardzero_only__c0p58__z1p00__lam0p000__nu0p50__psi0p00,0.084,borrow,57,39,0.0,2,-0.095885135,-0.09780284,-0.09780284,1.0319546,0.0,0.092906326,0.0,0.0,0.084,0.0,0.0019177026,0.095885135,0.09780284,-27.251854,2.2703454,0.7567818,0.13,0.0,0.1350469,0.0,0.0
hardzero_only__c0p58__z1p00__lam0p000__nu0p50__psi0p00,0.084,borrow,57,40,0.0,2,-0.09780284,-0.09975889,-0.09975889,1.0650939,0.0,0.08608076,0.0,0.0,0.084,0.0,0.0019560568,0.09780284,0.09975889,-28.60458,2.3432534,0.7810845,0.128,0.0,0.14730833,0.0,0.0
hardzero_only__c0p58__z1p00__lam0p000__nu0p50__psi0p00,0.084,borrow,57,41,0.0,2,-0.09975889,-0.09258665,-0.09258665,0.96203226,0.10913593,0.10913593,1.0,0.009167418,0.084,0.0,0.0019951777,0.09975889,0.09258665,-26.18924,2.1165133,0.7055044,0.224,0.0,0.15891662,0.0,0.0
hardzero_only__c0p58__z1p00__lam0p000__nu0p50__psi0p00,0.084,borrow,57,42,0.0,2,-0.09258665,-0.09443838,-0.09443838,1.0089288,0.0,0.097965054,0.0,0.0,0.084,0.0,0.001851733,0.09258665,0.09443838,-26.800192,2.2196877,0.73989594,0.17600001,0.0,0.11592438,0.0,0.0
hardzero_only__c0p58__z1p00__lam0p000__nu0p50__psi0p00,0.084,borrow,57,43,0.0,2,-0.09443838,-0.09632715,-0.09632715,1.0574838,0.0,0.08760243,0.0,0.0,0.084,0.0,0.0018887676,0.09443838,0.09632715,-27.66124,2.326511,0.77550364,0.17600001,0.0,0.18433835,0.0,0.0
hardzero_only__c0p58__z1p00__lam0p000__nu0p50__psi0p00,0.084,borrow,57,44,0.0,2,-0.09632715,-0.08977952,-0.08977952,0.996182,0.10088299,0.10088299,1.0,0.008474171,0.084,0.0,0.001926543,0.09632715,0.08977952,-27.124916,2.1916442,0.7305481,0.216,0.0,0.15936518,0.0,0.0
hardzero_only__c0p58__z1p00__lam0p000__nu0p50__psi0p00,0.084,borrow,57,45,0.0,2,-0.08977952,-0.08302229,-0.08302229,0.99217004,0.10181927,0.10181927,1.0,0.008552819,0.084,0.0,0.0017955903,0.08977952,0.08302229,-25.885767,2.1828177,0.72760594,0.224,0.0,0.12133456,0.0,0.0
hardzero_only__c0p58__z1p00__lam0p000__nu0p50__psi0p00,0.084,borrow,57,46,0.0,2,-0.08302229,-0.07581866,-0.07581866,0.9766458,0.10552471,0.10552471,1.0,0.008864076,0.084,0.0,0.0016604457,0.08302229,0.07581866,-26.267946,2.1486638,0.7162213,0.2,0.0,0.15535153,0.0,0.0
hardzero_only__c0p58__z1p00__lam0p000__nu0p50__psi0p00,0.084,borrow,57,47,0.0,2,-0.07581866,-0.068498254,-0.068498254,0.9779852,0.10519976,0.10519976,1.0,0.00883678,0.084,0.0,0.0015163731,0.07581866,0.068498254,-25.912865,2.1516104,0.7172035,0.15200001,0.0,0.15756626,0.0,0.0
hardzero_only__c0p58__z1p00__lam0p000__nu0p50__psi0p00,0.084,borrow,57,48,0.0,2,-0.068498254,-0.06986822,-0.06986822,1.0412881,0.0,0.090930976,0.0,0.0,0.084,0.0,0.001369965,0.068498254,0.06986822,-27.767439,2.2908797,0.7636266,0.136,0.0,0.17740251,0.0,0.0
hardzero_only__c0p58__z1p00__lam0p000__nu0p50__psi0p00,0.084,borrow,57,49,0.0,2,-0.06986822,-0.062283922,-0.062283922,0.9709225,0.10692456,0.10692456,1.0,0.008981663,0.084,0.0,0.0013973644,0.06986822,0.062283922,-27.037247,2.1360722,0.7120241,0.272,0.0,0.15110041,0.0,0.0
hardzero_only__c0p58__z1p00__lam0p000__nu0p50__psi0p00,0.084,borrow,57,50,0.0,2,-0.062283922,-0.0635296,-0.0635296,1.0431651,0.0,0.090538844,0.0,0.0,0.084,0.0,0.0012456784,0.062283922,0.0635296,-28.032967,2.295009,0.76500297,0.17600001,0.0,0.13724157,0.0,0.0
hardzero_only__c0p58__z1p00__lam0p000__nu0p50__psi0p00,0.084,borrow,57,51,0.0,2,-0.0635296,-0.064800195,-0.064800195,1.0388105,0.0,0.09145121,0.0,0.0,0.084,0.0,0.001270592,0.0635296,0.064800195,-27.481785,2.2854288,0.7618096,0.17600001,0.0,0.20205177,0.0,0.0
hardzero_only__c0p58__z1p00__lam0p000__nu0p50__psi0p00,0.084,borrow,57,52,0.0,2,-0.064800195,-0.057426658,-0.057426658,0.9862832,0.10320881,0.10320881,1.0,0.00866954,0.084,0.0,0.0012960039,0.064800195,0.057426658,-27.080885,2.1698663,0.7232888,0.099999994,0.0,0.13498211,0.0,0.0
hardzero_only__c0p58__z1p00__lam0p000__nu0p50__psi0p00,0.084,borrow,57,53,0.0,2,-0.057426658,-0.05857519,-0.05857519,1.0049756,0.0,0.09886086,0.0,0.0,0.084,0.0,0.0011485331,0.057426658,0.05857519,-26.78379,2.2109904,0.7369968,0.112,0.0,0.13506381,0.0,0.0
hardzero_only__c0p58__z1p00__lam0p000__nu0p50__psi0p00,0.084,borrow,57,54,0.0,2,-0.05857519,-0.05081903,-0.05081903,0.9735414,0.106281735,0.106281735,1.0,0.008927666,0.084,0.0,0.0011715038,0.05857519,0.05081903,-26.313646,2.1418338,0.7139446,0.216,0.0,0.15323603,0.0,0.0
hardzero_only__c0p58__z1p00__lam0p000__nu0p50__psi0p00,0.084,borrow,57,55,0.0,2,-0.05081903,-0.05183541,-0.05183541,1.0275011,0.0,0.09386395,0.0,0.0,0.084,0.0,0.0010163805,0.05081903,0.05183541,-28.236248,2.2605476,0.7535159,0.120000005,0.0,0.14118674,0.0,0.0
hardzero_only__c0p58__z1p00__lam0p000__nu0p50__psi0p00,0.084,borrow,57,56,0.0,2,-0.05183541,-0.052872118,-0.052872118,1.0441737,0.0,0.09032881,0.0,0.0,0.084,0.0,0.0010367081,0.05183541,0.052872118,-28.891184,2.297228,0.7657427,0.17600001,0.0,0.18067509,0.0,0.0
hardzero_only__c0p58__z1p00__lam0p000__nu0p50__psi0p00,0.084,borrow,57,57,0.0,2,-0.052872118,-0.05392956,-0.05392956,1.0657967,0.0,0.08594156,0.0,0.0,0.084,0.0,0.0010574423,0.052872118,0.05392956,-28.490736,2.3447995,0.7815999,0.208,0.0,0.18060775,0.0,0.0
hardzero_only__c0p58__z1p00__lam0p000__nu0p50__psi0p00,0.084,borrow,57,58,0.0,2,-0.05392956,-0.05500815,-0.05500815,1.0081784,0.0,0.09813449,0.0,0.0,0.084,0.0,0.0010785912,0.05392956,0.05500815,-26.705032,2.2180367,0.73934555,0.17600001,0.0,0.11867803,0.0,0.0
hardzero_only__c0p58__z1p00__lam0p000__nu0p50__psi0p00,0.084,borrow,57,59,0.0,2,-0.05500815,-0.04765348,-0.04765348,0.99717426,0.10065276,0.10065276,1.0,0.008454832,0.084,0.0,0.001100163,0.05500815,0.04765348,-26.154776,2.1938272,0.73127574,0.136,0.0,0.1404351,0.0,0.0
hardzero_only__c0p58__z1p00__lam0p000__nu0p50__psi0p00,0.084,borrow,57,60,0.0,2,-0.04765348,-0.048606552,-0.048606552,1.007521,0.0,0.09828313,0.0,0.0,0.084,0.0,0.0009530696,0.04765348,0.048606552,-27.02246,2.2165904,0.73886347,0.16800001,0.0,0.13622645,0.0,0.0
hardzero_only__c0p58__z1p00__lam0p000__nu0p50__psi0p00,0.084,borrow,57,61,0.0,2,-0.048606552,-0.04957868,-0.04957868,1.0079036,0.0,0.09819658,0.0,0.0,0.084,0.0,0.00097213103,0.048606552,0.04957868,-26.901106,2.2174323,0.7391441,0.224,0.0,0.14877884,0.0,0.0
hardzero_only__c0p58__z1p00__lam0p000__nu0p50__psi0p00,0.084,borrow,57,62,0.0,2,-0.04957868,-0.050570257,-0.050570257,1.0010471,0.0,0.09975918,0.0,0.0,0.084,0.0,0.0009915736,0.04957868,0.050570257,-27.021435,2.2023478,0.73411596,0.136,0.0,0.14745755,0.0,0.0
hardzero_only__c0p58__z1p00__lam0p000__nu0p50__psi0p00,0.084,borrow,57,63,0.0,2,-0.050570257,-0.04292233,-0.04292233,0.9867947,0.10308732,0.10308732,1.0,0.008659335,0.084,0.0,0.0010114051,0.050570257,0.04292233,-25.993675,2.1709917,0.7236639,0.104,0.0,0.121854976,0.0,0.0
hardzero_only__c0p58__z1p00__lam0p000__nu0p50__psi0p00,0.084,borrow,57,64,0.0,2,-0.04292233,-0.043780774,-0.043780774,1.0068334,0.0,0.098438844,0.0,0.0,0.084,0.0,0.0008584466,0.04292233,0.043780774,-27.624464,2.2150779,0.73835933,0.216,0.0,0.13582426,0.0,0.0
hardzero_only__c0p58__z1p00__lam0p000__nu0p50__psi0p00,0.084,borrow,57,65,0.0,2,-0.043780774,-0.04465639,-0.04465639,1.0559258,0.0,0.08791727,0.0,0.0,0.084,0.0,0.00087561546,0.043780774,0.04465639,-27.879528,2.3230832,0.7743611,0.14999999,0.0,0.14955455,0.0,0.0
hardzero_only__c0p58__z1p00__lam0p000__nu0p50__psi0p00,0.084,borrow,57,66,0.0,2,-0.04465639,-0.045549516,-0.045549516,1.0439897,0.0,0.09036709,0.0,0.0,0.084,0.0,0.00089312776,0.04465639,0.045549516,-27.498125,2.296823,0.7656077,0.18400002,0.0,0.10894402,0.0,0.0
hardzero_only__c0p58__z1p00__lam0p000__nu0p50__psi0p00,0.084,borrow,57,67,0.0,2,-0.045549516,-0.037922174,-0.037922174,0.99290633,0.101646796,0.101646796,1.0,0.008538331,0.084,0.0,0.0009109903,0.045549516,0.037922174,-26.948898,2.1844375,0.72814584,0.16800001,0.0,0.1483164,0.0,0.0
hardzero_only__c0p58__z1p00__lam0p000__nu0p50__psi0p00,0.084,borrow,57,68,0.0,2,-0.037922174,-0.028783813,-0.028783813,0.92878425,0.1178191,0.1178191,1.0,0.009896805,0.084,0.0,0.00075844344,0.037922174,0.028783813,-25.243591,2.0433662,0.68112206,0.24000001,0.0,0.11608479,0.0,0.0
hardzero_only__c0p58__z1p00__lam0p000__nu0p50__psi0p00,0.084,borrow,57,69,0.0,2,-0.028783813,-0.019624362,-0.019624362,0.93593764,0.115894385,0.115894385,1.0,0.009735128,0.084,0.0,0.00057567627,0.028783813,0.019624362,-26.1157,2.059104,0.686368,0.216,0.0,0.13600391,0.0,0.0
hardzero_only__c0p58__z1p00__lam0p000__nu0p50__psi0p00,0.084,borrow,57,70,1.0,3,-0.019624362,-0.5901725,-0.5901725,0.9310944,0.11719404,0.11719404,1.0,0.009844299,0.084,0.0,0.0003924872,0.019624362,0.5901725,-25.99328,2.0484486,0.6828162,0.2,0.0,0.12442173,0.0,0.0
hardzero_only__c0p58__z1p00__lam0p000__nu0p50__psi0p00,0.084,borrow,57,71,0.0,3,-0.5901725,-0.5934062,-0.5934062,0.9913086,0.10202141,0.10202141,1.0,0.008569798,0.084,0.0,0.01180345,0.5901725,0.5934062,-27.472662,2.1809225,0.7269742,0.128,0.0,0.13453498,0.0,0.0
hardzero_only__c0p58__z1p00__lam0p000__nu0p50__psi0p00,0.084,borrow,57,72,0.0,3,-0.5934062,-0.59660137,-0.59660137,0.9861122,0.10324947,0.10324947,1.0,0.008672955,0.084,0.0,0.011868124,0.5934062,0.59660137,-26.835522,2.16949,0.72316337,0.208,0.0,0.13684487,0.0,0.0
hardzero_only__c0p58__z1p00__lam0p000__nu0p50__psi0p00,0.084,borrow,57,73,0.0,3,-0.59660137,-0.5990914,-0.5990914,0.9492168,0.11240436,0.11240436,1.0,0.009441966,0.084,0.0,0.0119320275,0.59660137,0.5990914,-26.083029,2.0883186,0.6961062,0.224,0.0,0.11137491,0.0,0.0
hardzero_only__c0p58__z1p00__lam0p000__nu0p50__psi0p00,0.084,borrow,57,74,0.0,3,-0.5990914,-0.6,-0.61107326,1.0303354,0.0,0.09325337,0.0,0.0,0.084,0.0,0.011981828,0.5990914,0.6,-27.015854,2.2667832,0.75559443,0.104,0.0,0.17205212,0.0,0.0
hardzero_only__c0p58__z1p00__lam0p000__nu0p50__psi0p00,0.084,borrow,57,75,0.0,3,-0.6,-0.6,-0.60283154,0.961981,0.109148815,0.109148815,1.0,0.0091685,0.084,0.0,0.012,0.6,0.6,-26.785614,2.1164005,0.70546687,0.24000001,0.0,0.14809725,0.0,0.0
hardzero_only__c0p58__z1p00__lam0p000__nu0p50__psi0p00,0.084,borrow,57,76,0.0,3,-0.6,-0.6,-0.60248345,0.9457975,0.11329285,0.11329285,1.0,0.0095166,0.084,0.0,0.012,0.6,0.6,-26.331156,2.080796,0.6935987,0.128,0.0,0.11294635,0.0,0.0
hardzero_only__c0p58__z1p00__lam0p000__nu0p50__psi0p00,0.084,borrow,57,77,0.0,3,-0.6,-0.6,-0.61200005,1.0350761,0.0,0.09224097,0.0,0.0,0.084,0.0,0.012,0.6,0.6,-27.85705,2.2772129,0.759071,0.16000001,0.0,0.15608281,0.0,0.0
hardzero_only__c0p58__z1p00__lam0p000__nu0p50__psi0p00,0.084,borrow,57,78,0.0,3,-0.6,-0.6,-0.61200005,1.0192125,0.0,0.095672585,0.0,0.0,0.084,0.0,0.012,0.6,0.6,-27.19499,2.2423122,0.7474374,0.11,0.0,0.12782641,0.0,0.0
hardzero_only__c0p58__z1p00__lam0p000__nu0p50__psi0p00,0.084,borrow,57,79,0.0,3,-0.6,-0.6,-0.61200005,1.028206,0.0,0.09371174,0.0,0.0,0.084,0.0,0.012,0.6,0.6,-26.979189,2.2620983,0.7540328,0.136,0.0,0.15221314,0.0,0.0
hardzero_only__c0p58__z1p00__lam0p000__nu0p50__psi0p00,0.084,borrow,57,80,0.0,3,-0.6,-0.6,-0.60205,0.9264535,0.11845311,0.11845311,1.0,0.009950061,0.084,0.0,0.012,0.6,0.6,-25.154184,2.0382383,0.6794128,0.2,0.0,0.101013586,0.0,0.0
hardzero_only__c0p58__z1p00__lam0p000__nu0p50__psi0p00,0.084,borrow,57,81,0.0,3,-0.6,-0.6,-0.60322225,0.9808934,0.10449767,0.10449767,1.0,0.008777805,0.084,0.0,0.012,0.6,0.6,-26.63845,2.1580086,0.7193362,0.120000005,0.0,0.1339614,0.0,0.0
hardzero_only__c0p58__z1p00__lam0p000__nu0p50__psi0p00,0.084,borrow,57,82,0.0,3,-0.6,-0.6,-0.6035715,0.998524,0.10034044,0.10034044,1.0,0.008428597,0.084,0.0,0.012,0.6,0.6,-26.738537,2.1967967,0.7322656,0.16800001,0.0,0.12890185,0.0,0.0
hardzero_only__c0p58__z1p00__lam0p000__nu0p50__psi0p00,0.084,borrow,57,83,0.0,3,-0.6,-0.6,-0.61200005,1.0072067,0.0,0.098354295,0.0,0.0,0.084,0.0,0.012,0.6,0.6,-26.909035,2.215899,0.73863304,0.16000001,0.0,0.14303237,0.0,0.0
hardzero_only__c0p58__z1p00__lam0p000__nu0p50__psi0p00,0.084,borrow,57,84,0.0,3,-0.6,-0.6,-0.60359126,0.9995454,0.10010472,0.10010472,1.0,0.008408796,0.084,0.0,0.012,0.6,0.6,-27.124962,2.1990438,0.7330146,0.128,0.0,0.14231965,0.0,0.0
hardzero_only__c0p58__z1p00__lam0p000__nu0p50__psi0p00,0.084,borrow,57,85,0.0,3,-0.6,-0.6,-0.6029394,0.9671221,0.107864335,0.107864335,1.0,0.0090606045,0.084,0.0,0.012,0.6,0.6,-26.385775,2.127711,0.70923704,0.120000005,0.0,0.13147241,0.0,0.0
hardzero_only__c0p58__z1p00__lam0p000__nu0p50__psi0p00,0.084,borrow,57,86,0.0,3,-0.6,-0.6,-0.6031732,0.9784724,0.10508181,0.10508181,1.0,0.008826872,0.084,0.0,0.012,0.6,0.6,-26.876888,2.1526823,0.71756077,0.208,0.0,0.14061648,0.0,0.0
hardzero_only__c0p58__z1p00__lam0p000__nu0p50__psi0p00,0.084,borrow,57,87,0.0,3,-0.6,-0.6,-0.61200005,1.0611401,0.0,0.08686802,0.0,0.0,0.084,0.0,0.012,0.6,0.6,-28.1822,2.3345547,0.7781849,0.104,0.0,0.1574186,0.0,0.0
hardzero_only__c0p58__z1p00__lam0p000__nu0p50__psi0p00,0.084,borrow,57,88,0.0,3,-0.6,-0.6,-0.61200005,1.0542977,0.0,0.08824748,0.0,0.0,0.084,0.0,0.012,0.6,0.6,-27.40369,2.3195012,0.7731671,0.16000001,0.0,0.15690778,0.0,0.0
hardzero_only__c0p58__z1p00__lam0p000__nu0p50__psi0p00,0.084,borrow,57,89,0.0,3,-0.6,-0.6,-0.60252315,0.94761395,0.112819985,0.112819985,1.0,0.009476879,0.084,0.0,0.012,0.6,0.6,-25.968306,2.0847924,0.6949308,0.216,0.0,0.12873994,0.0,0.0
hardzero_only__c0p58__z1p00__lam0p000__nu0p50__psi0p00,0.084,borrow,57,90,0.0,3,-0.6,-0.6,-0.61200005,1.005827,0.0,0.09866726,0.0,0.0,0.084,0.0,0.012,0.6,0.6,-26.331963,2.2128634,0.7376212,0.16800001,0.0,0.13570683,0.0,0.0
hardzero_only__c0p58__z1p00__lam0p000__nu0p50__psi0p00,0.084,borrow,57,91,0.0,3,-0.6,-0.6,-0.60325277,0.9824072,0.10413407,0.10413407,1.0,0.008747262,0.084,0.0,0.012,0.6,0.6,-26.66927,2.161339,0.72044635,0.22,0.0,0.1267306,0.0,0.0
hardzero_only__c0p58__z1p00__lam0p000__nu0p50__psi0p00,0.084,borrow,57,92,0.0,3,-0.6,-0.6,-0.6034382,0.9917101,0.10192713,0.10192713,1.0,0.008561878,0.084,0.0,0.012,0.6,0.6,-26.332697,2.1818058,0.72726864,0.16800001,0.0,0.13878062,0.0,0.0
hardzero_only__c0p58__z1p00__lam0p000__nu0p50__psi0p00,0.084,borrow,57,93,0.0,3,-0.6,-0.6,-0.61200005,1.0299098,0.0,0.09334479,0.0,0.0,0.084,0.0,0.012,0.6,0.6,-27.41914,2.265847,0.75528234,0.072000004,0.0,0.1370624,0.0,0.0
hardzero_only__c0p58__z1p00__lam0p000__nu0p50__psi0p00,0.084,borrow,57,94,0.0,3,-0.6,-0.6,-0.6026983,0.9557153,0.11073493,0.11073493,1.0,0.009301734,0.084,0.0,0.012,0.6,0.6,-26.119253,2.1026156,0.7008719,0.16000001,0.0,0.12607911,0.0,0.0
hardzero_only__c0p58__z1p00__lam0p000__nu0p50__psi0p00,0.084,borrow,57,95,0.0,3,-0.6,-0.6,-0.60289633,0.9650611,0.10837745,0.10837745,1.0,0.009103705,0.084,0.0,0.012,0.6,0.6,-26.68629,2.1231768,0.70772564,0.192,0.0,0.1677106,0.0,0.0
hardzero_only__c0p58__z1p00__lam0p000__nu0p50__psi0p00,0.084,borrow,57,96,0.0,3,-0.6,-0.6,-0.6035084,0.99528795,0.1010909,0.1010909,1.0,0.008491635,0.084,0.0,0.012,0.6,0.6,-27.497253,2.1896772,0.72989243,0.104,0.0,0.15643302,0.0,0.0
hardzero_only__c0p58__z1p00__lam0p000__nu0p50__psi0p00,0.084,borrow,57,97,0.0,3,-0.6,-0.6,-0.60295063,0.96765864,0.10773118,0.10773118,1.0,0.009049419,0.084,0.0,0.012,0.6,0.6,-26.866201,2.1288915,0.7096305,0.216,0.0,0.1300806,0.0,0.0
hardzero_only__c0p58__z1p00__lam0p000__nu0p50__psi0p00,0.084,borrow,57,98,0.0,3,-0.6,-0.6,-0.61200005,1.0573517,0.0,0.08762909,0.0,0.0,0.084,0.0,0.012,0.6,0.6,-28.227167,2.3262203,0.7754068,0.136,0.0,0.15722278,0.0,0.0
hardzero_only__c0p58__z1p00__lam0p000__nu0p50__psi0p00,0.084,borrow,57,99,0.0,3,-0.6,-0.6,-0.60291404,0.9659069,0.10816657,0.10816657,1.0,0.009085991,0.084,0.0,0.012,0.6,0.6,-26.343025,2.1250377,0.7083459,0.16000001,0.0,0.12854435,0.0,0.0
hardzero_only__c0p58__z1p00__lam0p000__nu0p50__psi0p00,0.084,borrow,57,100,0.0,3,-0.6,-0.6,-0.61200005,1.0020442,0.0,0.099530414,0.0,0.0,0.084,0.0,0.012,0.6,0.6,-26.890041,2.2045412,0.73484707,0.136,0.0,0.13117026,0.0,0.0
hardzero_only__c0p58__z1p00__lam0p000__nu0p50__psi0p00,0.084,borrow,57,101,0.0,3,-0.6,-0.6,-0.61200005,1.0307397,0.0,0.09316661,0.0,0.0,0.084,0.0,0.012,0.6,0.6,-27.16551,2.2676725,0.75589085,0.17600001,0.0,0.1640314,0.0,0.0
hardzero_only__c0p58__z1p00__lam0p000__nu0p50__psi0p00,0.084,borrow,57,102,0.0,3,-0.6,-0.6,-0.6029691,0.9685467,0.107511096,0.107511096,1.0,0.009030932,0.084,0.0,0.012,0.6,0.6,-26.777462,2.1308453,0.7102818,0.216,0.0,0.11988442,0.0,0.0
hardzero_only__c0p58__z1p00__lam0p000__nu0p50__psi0p00,0.084,borrow,57,103,0.0,3,-0.6,-0.6,-0.6029028,0.9653703,0.10830031,0.10830031,1.0,0.009097226,0.084,0.0,0.012,0.6,0.6,-26.123238,2.123857,0.7079524,0.18400002,0.0,0.13202742,0.0,0.0
hardzero_only__c0p58__z1p00__lam0p000__nu0p50__psi0p00,0.084,borrow,57,104,0.0,3,-0.6,-0.6,-0.60355043,0.9974421,0.1005907,0.1005907,1.0,0.008449619,0.084,0.0,0.012,0.6,0.6,-26.902224,2.1944165,0.7314722,0.099999994,0.0,0.15122071,0.0,0.0
hardzero_only__c0p58__z1p00__lam0p000__nu0p50__psi0p00,0.084,borrow,57,105,0.0,3,-0.6,-0.6,-0.61200005,1.0027423,0.0,0.09937056,0.0,0.0,0.084,0.0,0.012,0.6,0.6,-25.760202,2.206077,0.7353591,0.208,0.0,0.14834091,0.0,0.0
hardzero_only__c0p58__z1p00__lam0p000__nu0p50__psi0p00,0.084,borrow,57,106,0.0,3,-0.6,-0.6,-0.61200005,1.009982,0.0,0.097727776,0.0,0.0,0.084,0.0,0.012,0.6,0.6,-27.303497,2.2220047,0.74066824,0.208,0.0,0.16937439,0.0,0.0
hardzero_only__c0p58__z1p00__lam0p000__nu0p50__psi0p00,0.084,borrow,57,107,0.0,3,-0.6,-0.6,-0.60216117,0.9313328,0.117129736,0.117129736,1.0,0.009838898,0.084,0.0,0.012,0.6,0.6,-25.761444,2.048973,0.682991,0.224,0.0,0.1254935,0.0,0.0
hardzero_only__c0p58__z1p00__lam0p000__nu0p50__psi0p00,0.084,borrow,57,108,0.0,3,-0.6,-0.6,-0.60344857,0.9922389,0.101803124,0.101803124,1.0,0.008551463,0.084,0.0,0.012,0.6,0.6,-26.821045,2.182969,0.72765636,0.128,0.0,0.14771226,0.0,0.0
hardzero_only__c0p58__z1p00__lam0p000__nu0p50__psi0p00,0.084,borrow,57,109,0.0,3,-0.6,-0.6,-0.6032457,0.982055,0.104218535,0.104218535,1.0,0.008754357,0.084,0.0,0.012,0.6,0.6,-26.656424,2.1605642,0.7201881,0.120000005,0.0,0.16543949,0.0,0.0
hardzero_only__c0p58__z1p00__lam0p000__nu0p50__psi0p00,0.084,borrow,57,110,0.0,3,-0.6,-0.6,-0.603099,0.97483695,0.10596514,0.10596514,1.0,0.008901072,0.084,0.0,0.012,0.6,0.6,-26.290571,2.144684,0.7148947,0.128,0.0,0.1413784,0.0,0.0
hardzero_only__c0p58__z1p00__lam0p000__nu0p50__psi0p00,0.084,borrow,57,111,0.0,3,-0.6,-0.6,-0.61200005,1.0239706,0.0,0.094630115,0.0,0.0,0.084,0.0,0.012,0.6,0.6,-26.792076,2.2527802,0.75092673,0.14400001,0.0,0.1376041,0.0,0.0
hardzero_only__c0p58__z1p00__lam0p000__nu0p50__psi0p00,0.084,borrow,57,112,0.0,3,-0.6,-0.6,-0.6034824,0.99396056,0.10140034,0.10140034,1.0,0.008517629,0.084,0.0,0.012,0.6,0.6,-26.70842,2.1867568,0.72891897,0.128,0.0,0.14699875,0.0,0.0
hardzero_only__c0p58__z1p00__lam0p000__nu0p50__psi0p00,0.084,borrow,57,113,0.0,3,-0.6,-0.6,-0.6028102,0.96097136,0.109402865,0.109402865,1.0,0.00918984,0.084,0.0,0.012,0.6,0.6,-27.398346,2.1141791,0.7047264,0.224,0.008,0.12906428,0.0,0.0
hardzero_only__c0p58__z1p00__lam0p000__nu0p50__psi0p00,0.084,borrow,57,114,0.0,3,-0.6,-0.6,-0.60318726,0.97916543,0.10491426,0.10491426,1.0,0.008812798,0.084,0.0,0.012,0.6,0.6,-26.182428,2.154207,0.718069,0.23200001,0.0,0.13587423,0.0,0.0
hardzero_only__c0p58__z1p00__lam0p000__nu0p50__psi0p00,0.084,borrow,57,115,0.0,3,-0.6,-0.6,-0.60327804,0.9836633,0.10383329,0.10383329,1.0,0.008721996,0.084,0.0,0.012,0.6,0.6,-26.62912,2.1641026,0.72136754,0.2,0.0,0.13666959,0.0,0.0
hardzero_only__c0p58__z1p00__lam0p000__nu0p50__psi0p00,0.084,borrow,57,116,0.0,3,-0.6,-0.6,-0.61200005,1.0063499,0.0,0.09854851,0.0,0.0,0.084,0.0,0.012,0.6,0.6,-27.521223,2.214014,0.7380047,0.14400001,0.0,0.130449,0.0,0.0
hardzero_only__c0p58__z1p00__lam0p000__nu0p50__psi0p00,0.084,borrow,57,117,0.0,3,-0.6,-0.6,-0.6028985,0.9651622,0.10835221,0.10835221,1.0,0.0091015855,0.084,0.0,0.012,0.6,0.6,-26.628408,2.1233993,0.7077998,0.21,0.0,0.12990311,0.0,0.0
hardzero_only__c0p58__z1p00__lam0p000__nu0p50__psi0p00,0.084,borrow,57,118,0.0,3,-0.6,-0.6,-0.6022327,0.9345024,0.11627801,0.11627801,1.0,0.009767353,0.084,0.0,0.012,0.6,0.6,-25.376966,2.0559464,0.6853155,0.17600001,0.0,0.13514741,0.0,0.0
hardzero_only__c0p58__z1p00__lam0p000__nu0p50__psi0p00,0.084,borrow,57,119,0.0,3,-0.6,-0.6,-0.60321856,0.9807112,0.1045415,0.1045415,1.0,0.008781486,0.084,0.0,0.012,0.6,0.6,-26.569689,2.1576078,0.71920264,0.2,0.0,0.13019845,0.0,0.0
hardzero_only__c0p58__z1p00__lam0p000__nu0p50__psi0p00,0.084,borrow,57,120,0.0,3,-0.6,-0.6,-0.61200005,1.0063245,0.0,0.09855427,0.0,0.0,0.084,0.0,0.012,0.6,0.6,-27.5909,2.2139583,0.7379861,0.112,0.0,0.14378159,0.0,0.0
hardzero_only__c0p58__z1p00__lam0p000__nu0p50__psi0p00,0.084,borrow,57,121,0.0,3,-0.6,-0.6,-0.6027466,0.95797664,0.11015986,0.11015986,1.0,0.009253428,0.084,0.0,0.012,0.6,0.6,-27.01801,2.1075907,0.70253026,0.16000001,0.0,0.14929765,0.0,0.0
hardzero_only__c0p58__z1p00__lam0p000__nu0p50__psi0p00,0.084,borrow,57,122,0.0,3,-0.6,-0.6,-0.60329837,0.98467743,0.10359112,0.10359112,1.0,0.008701654,0.084,0.0,0.012,0.6,0.6,-26.989342,2.1663337,0.7221112,0.16000001,0.0,0.13969833,0.0,0.0
hardzero_only__c0p58__z1p00__lam0p000__nu0p50__psi0p00,0.084,borrow,57,123,0.0,3,-0.6,-0.6,-0.6035219,0.9959759,0.10093089,0.10093089,1.0,0.0084781945,0.084,0.0,0.012,0.6,0.6,-27.43438,2.1911907,0.7303969,0.16000001,0.0,0.13595779,0.0,0.0
hardzero_only__c0p58__z1p00__lam0p000__nu0p50__psi0p00,0.084,borrow,57,124,0.0,3,-0.6,-0.6,-0.6027531,0.95828235,0.11008233,0.11008233,1.0,0.009246916,0.084,0.0,0.012,0.6,0.6,-26.363129,2.1082633,0.70275444,0.14400001,0.0,0.14564559,0.0,0.0
hardzero_only__c0p58__z1p00__lam0p000__nu0p50__psi0p00,0.084,borrow,57,125,0.0,3,-0.6,-0.6,-0.60286546,0.96358967,0.10874527,0.10874527,1.0,0.009134603,0.084,0.0,0.012,0.6,0.6,-25.915195,2.1199396,0.70664656,0.2,0.0,0.117911264,0.0,0.0
hardzero_only__c0p58__z1p00__lam0p000__nu0p50__psi0p00,0.084,borrow,57,126,0.0,3,-0.6,-0.6,-0.61200005,1.0073888,0.0,0.098313056,0.0,0.0,0.084,0.0,0.012,0.6,0.6,-26.670547,2.2162998,0.7387666,0.18400002,0.0,0.17003891,0.0,0.0
hardzero_only__c0p58__z1p00__lam0p000__nu0p50__psi0p00,0.084,borrow,57,127,0.0,3,-0.6,-0.6,-0.60294247,0.9672663,0.10782852,0.10782852,1.0,0.009057595,0.084,0.0,0.012,0.6,0.6,-26.04059,2.1280284,0.70934284,0.16800001,0.0,0.13857593,0.0,0.0
hardzero_only__c0p58__z1p00__lam0p000__nu0p50__psi0p00,0.084,borrow,57,128,0.0,3,-0.6,-0.6,-0.61200005,1.0015535,0.0,0.09964291,0.0,0.0,0.084,0.0,0.012,0.6,0.6,-26.739561,2.2034616,0.73448724,0.208,0.008,0.13354187,0.0,0.0
hardzero_only__c0p58__z1p00__lam0p000__nu0p50__psi0p00,0.084,borrow,57,129,0.0,3,-0.6,-0.6,-0.61200005,1.0288721,0.0,0.093568094,0.0,0.0,0.084,0.0,0.012,0.6,0.6,-27.276098,2.2635639,0.7545213,0.136,0.008,0.15276463,0.0,0.0
hardzero_only__c0p58__z1p00__lam0p000__nu0p50__psi0p00,0.084,borrow,57,130,0.0,3,-0.6,-0.6,-0.61200005,1.008049,0.0,0.09816372,0.0,0.0,0.084,0.0,0.012,0.6,0.6,-26.524687,2.217752,0.73925066,0.14,0.0,0.12771283,0.0,0.0
hardzero_only__c0p58__z1p00__lam0p000__nu0p50__psi0p00,0.084,borrow,57,131,0.0,3,-0.6,-0.6,-0.6034187,0.9907237,0.10215891,0.10215891,1.0,0.008581349,0.084,0.0,0.012,0.6,0.6,-27.506409,2.1796358,0.7265453,0.208,0.0,0.15978956,0.0,0.0
hardzero_only__c0p58__z1p00__lam0p000__nu0p50__psi0p00,0.084,borrow,57,132,0.0,3,-0.6,-0.6,-0.6031483,0.97724825,0.10537844,0.10537844,1.0,0.008851789,0.084,0.0,0.012,0.6,0.6,-26.466793,2.1499891,0.71666306,0.128,0.0,0.1292721,0.0,0.0
hardzero_only__c0p58__z1p00__lam0p000__nu0p50__psi0p00,0.084,borrow,57,133,0.0,3,-0.6,-0.6,-0.6032744,0.98348075,0.10387697,0.10387697,1.0,0.0087256655,0.084,0.0,0.012,0.6,0.6,-26.599108,2.1637008,0.7212336,0.15200001,0.0,0.13783167,0.0,0.0
hardzero_only__c0p58__z1p00__lam0p000__nu0p50__psi0p00,0.084,borrow,57,134,0.0,3,-0.6,-0.6,-0.603103,0.9750321,0.10591755,0.10591755,1.0,0.0088970745,0.084,0.0,0.012,0.6,0.6,-26.261395,2.1451135,0.7150378,0.192,0.0,0.13521849,0.0,0.0
hardzero_only__c0p58__z1p00__lam0p000__nu0p50__psi0p00,0.084,borrow,57,135,0.0,3,-0.6,-0.6,-0.61200005,1.002024,0.0,0.09953502,0.0,0.0,0.084,0.0,0.012,0.6,0.6,-27.153673,2.2044969,0.7348323,0.16000001,0.0,0.15160553,0.0,0.0
hardzero_only__c0p58__z1p00__lam0p000__nu0p50__psi0p00,0.084,borrow,57,136,0.0,3,-0.6,-0.6,-0.6020215,0.9252137,0.11879176,0.11879176,1.0,0.009978508,0.084,0.0,0.012,0.6,0.6,-25.927862,2.0355108,0.67850363,0.18400002,0.0,0.14331084,0.0,0.0
hardzero_only__c0p58__z1p00__lam0p000__nu0p50__psi0p00,0.084,borrow,57,137,0.0,3,-0.6,-0.6,-0.61200005,1.0444937,0.0,0.09026229,0.0,0.0,0.084,0.0,0.012,0.6,0.6,-26.888071,2.297932,0.7659773,0.16800001,0.0,0.13571243,0.0,0.0
hardzero_only__c0p58__z1p00__lam0p000__nu0p50__psi0p00,0.084,borrow,57,138,0.0,3,-0.6,-0.6,-0.61200005,1.0037513,0.0,0.09913995,0.0,0.0,0.084,0.0,0.012,0.6,0.6,-26.895624,2.208297,0.736099,0.16800001,0.0,0.15268454,0.0,0.0
hardzero_only__c0p58__z1p00__lam0p000__nu0p50__psi0p00,0.084,borrow,57,139,0.0,3,-0.6,-0.6,-0.61200005,1.0018957,0.0,0.09956445,0.0,0.0,0.084,0.0,0.012,0.6,0.6,-27.486069,2.2042146,0.73473823,0.216,0.0,0.16029501,0.0,0.0
hardzero_only__c0p58__z1p00__lam0p000__nu0p50__psi0p00,0.084,borrow,57,140,0.0,3,-0.6,-0.6,-0.6028864,0.96458614,0.10849603,0.10849603,1.0,0.009113667,0.084,0.0,0.012,0.6,0.6,-26.780771,2.1221318,0.7073773,0.2,0.0,0.16032043,0.0,0.0
hardzero_only__c0p58__z1p00__lam0p000__nu0p50__psi0p00,0.084,borrow,57,141,0.0,3,-0.6,-0.6,-0.61200005,1.020941,0.0,0.09529255,0.0,0.0,0.084,0.0,0.012,0.6,0.6,-27.389301,2.2461152,0.7487051,0.16800001,0.008,0.17197928,0.0,0.0
hardzero_only__c0p58__z1p00__lam0p000__nu0p50__psi0p00,0.084,borrow,57,142,0.0,3,-0.6,-0.6,-0.6035348,0.99663913,0.10077686,0.10077686,1.0,0.008465256,0.084,0.0,0.012,0.6,0.6,-26.527245,2.1926498,0.7308833,0.14400001,0.0,0.12735806,0.0,0.0
hardzero_only__c0p58__z1p00__lam0p000__nu0p50__psi0p00,0.084,borrow,57,143,0.0,3,-0.6,-0.6,-0.6020538,0.9266196,0.118407816,0.118407816,1.0,0.009946256,0.084,0.0,0.012,0.6,0.6,-25.274065,2.0386038,0.6795346,0.22,0.0,0.12156256,0.0,0.0
hardzero_only__c0p58__z1p00__lam0p000__nu0p50__psi0p00,0.084,borrow,57,144,0.0,3,-0.6,-0.6,-0.60297245,0.9687076,0.10747127,0.10747127,1.0,0.009027586,0.084,0.0,0.012,0.6,0.6,-26.75349,2.1311994,0.7103998,0.208,0.0,0.15922102,0.0,0.0
hardzero_only__c0p58__z1p00__lam0p000__nu0p50__psi0p00,0.084,borrow,57,145,0.0,3,-0.6,-0.6,-0.6035472,0.997276,0.100629196,0.100629196,1.0,0.008452852,0.084,0.0,0.012,0.6,0.6,-27.428907,2.194051,0.73135036,0.224,0.0,0.18095724,0.0,0.0
hardzero_only__c0p58__z1p00__lam0p000__nu0p50__psi0p00,0.084,borrow,57,146,0.0,3,-0.6,-0.6,-0.60279024,0.96002895,0.10964051,0.10964051,1.0,0.009209802,0.084,0.0,0.012,0.6,0.6,-26.495352,2.1121058,0.7040353,0.18400002,0.0,0.13704251,0.0,0.0
hardzero_only__c0p58__z1p00__lam0p000__nu0p50__psi0p00,0.084,borrow,57,147,0.0,3,-0.6,-0.6,-0.61200005,1.01764,0.0,0.09601961,0.0,0.0,0.084,0.0,0.012,0.6,0.6,-27.424063,2.2388527,0.74628425,0.14400001,0.0,0.14243996,0.0,0.0
hardzero_only__c0p58__z1p00__lam0p000__nu0p50__psi0p00,0.084,borrow,57,148,0.0,3,-0.6,-0.6,-0.60168076,0.9106284,0.122848995,0.122848995,1.0,0.010319316,0.084,0.0,0.012,0.6,0.6,-25.324594,2.0034225,0.6678075,0.208,0.0,0.12823077,0.0,0.0
hardzero_only__c0p58__z1p00__lam0p000__nu0p50__psi0p00,0.084,borrow,57,149,0.0,3,-0.6,-0.6,-0.6035878,0.9993682,0.100145586,0.100145586,1.0,0.008412229,0.084,0.0,0.012,0.6,0.6,-27.331743,2.198654,0.73288465,0.128,0.0,0.16364583,0.0,0.0
hardzero_only__c0p58__z1p00__lam0p000__nu0p50__psi0p00,0.084,borrow,57,150,0.0,3,-0.6,-0.6,-0.61200005,1.0096172,0.0,0.09780988,0.0,0.0,0.084,0.0,0.012,0.6,0.6,-27.218021,2.2212021,0.74040073,0.15200001,0.0,0.17551915,0.0,0.0
hardzero_only__c0p58__z1p00__lam0p000__nu0p50__psi0p00,0.084,borrow,57,151,0.0,3,-0.6,-0.6,-0.61200005,1.0196977,0.0,0.09556576,0.0,0.0,0.084,0.0,0.012,0.6,0.6,-27.491371,2.2433796,0.7477932,0.136,0.0,0.16039477,0.0,0.0
hardzero_only__c0p58__z1p00__lam0p000__nu0p50__psi0p00,0.084,borrow,57,152,0.0,3,-0.6,-0.6,-0.6030953,0.9746584,0.10600871,0.10600871,1.0,0.008904732,0.084,0.0,0.012,0.6,0.6,-27.348001,2.1442914,0.7147638,0.136,0.0,0.12847063,0.0,0.0
hardzero_only__c0p58__z1p00__lam0p000__nu0p50__psi0p00,0.084,borrow,57,153,0.0,3,-0.6,-0.6,-0.6027755,0.95933384,0.10981613,0.10981613,1.0,0.0092245545,0.084,0.0,0.012,0.6,0.6,-25.427876,2.1105766,0.70352554,0.18400002,0.0,0.12262024,0.0,0.0
hardzero_only__c0p58__z1p00__lam0p000__nu0p50__psi0p00,0.084,borrow,57,154,0.0,3,-0.6,-0.6,-0.60276854,0.95900744,0.10989871,0.10989871,1.0,0.009231491,0.084,0.0,0.012,0.6,0.6,-26.714354,2.1098585,0.7032862,0.15200001,0.0,0.15393162,0.0,0.0
hardzero_only__c0p58__z1p00__lam0p000__nu0p50__psi0p00,0.084,borrow,57,155,0.0,3,-0.6,-0.6,-0.6029511,0.96768105,0.107725605,0.107725605,1.0,0.009048951,0.084,0.0,0.012,0.6,0.6,-25.661308,2.1289408,0.70964694,0.2,0.0,0.11593066,0.0,0.0
hardzero_only__c0p58__z1p00__lam0p000__nu0p50__psi0p00,0.084,borrow,57,156,0.0,3,-0.6,-0.6,-0.61200005,1.0036981,0.0,0.0991521,0.0,0.0,0.084,0.0,0.012,0.6,0.6,-27.114086,2.20818,0.73606,0.24,0.0,0.14955904,0.0,0.0
hardzero_only__c0p58__z1p00__lam0p000__nu0p50__psi0p00,0.084,borrow,57,157,0.0,3,-0.6,-0.6,-0.6025299,0.9479215,0.11274012,0.11274012,1.0,0.00947017,0.084,0.0,0.012,0.6,0.6,-26.596317,2.085469,0.69515634,0.2,0.0,0.13892947,0.0,0.0
hardzero_only__c0p58__z1p00__lam0p000__nu0p50__psi0p00,0.084,borrow,57,158,0.0,3,-0.6,-0.6,-0.61200005,1.0207181,0.0,0.09534148,0.0,0.0,0.084,0.0,0.012,0.6,0.6,-26.615395,2.2456245,0.74854153,0.15200001,0.0,0.13819446,0.0,0.0
hardzero_only__c0p58__z1p00__lam0p000__nu0p50__psi0p00,0.084,borrow,57,159,0.0,3,-0.6,-0.6,-0.6026633,0.9540813,0.11115236,0.11115236,1.0,0.0093367975,0.084,0.0,0.012,0.6,0.6,-26.302145,2.0990207,0.6996736,0.216,0.0,0.13755104,0.0,0.0
hardzero_only__c0p58__z1p00__lam0p000__nu0p50__psi0p00,0.084,borrow,57,160,0.0,3,-0.6,-0.6,-0.60266924,0.95436,0.11108104,0.11108104,1.0,0.009330807,0.084,0.0,0.012,0.6,0.6,-26.154236,2.099634,0.699878,0.15200001,0.0,0.121000595,0.0,0.0
hardzero_only__c0p58__z1p00__lam0p000__nu0p50__psi0p00,0.084,borrow,57,161,0.0,3,-0.6,-0.6,-0.60333025,0.9862707,0.10321178,0.10321178,1.0,0.00866979,0.084,0.0,0.012,0.6,0.6,-27.123388,2.169839,0.72327965,0.208,0.0,0.1442806,0.0,0.0
hardzero_only__c0p58__z1p00__lam0p000__nu0p50__psi0p00,0.084,borrow,57,162,0.0,3,-0.6,-0.6,-0.60297614,0.9688855,0.10742726,0.10742726,1.0,0.00902389,0.084,0.0,0.012,0.6,0.6,-26.426458,2.1315906,0.7105302,0.192,0.0,0.11937134,0.0,0.0
hardzero_only__c0p58__z1p00__lam0p000__nu0p50__psi0p00,0.084,borrow,57,163,0.0,3,-0.6,-0.6,-0.61200005,1.0640563,0.0,0.08628667,0.0,0.0,0.084,0.0,0.012,0.6,0.6,-28.563618,2.3409705,0.7803235,0.17600001,0.0,0.14728403,0.0,0.0
hardzero_only__c0p58__z1p00__lam0p000__nu0p50__psi0p00,0.084,borrow,57,164,0.0,3,-0.6,-0.6,-0.6029324,0.9667851,0.10794807,0.10794807,1.0,0.009067638,0.084,0.0,0.012,0.6,0.6,-26.179634,2.1269696,0.70898986,0.16800001,0.0,0.15677015,0.0,0.0
hardzero_only__c0p58__z1p00__lam0p000__nu0p50__psi0p00,0.084,borrow,57,165,0.0,3,-0.6,-0.6,-0.60298485,0.9693027,0.10732409,0.10732409,1.0,0.009015224,0.084,0.0,0.012,0.6,0.6,-26.050337,2.1325085,0.7108362,0.17600001,0.0,0.11332586,0.0,0.0
hardzero_only__c0p58__z1p00__lam0p000__nu0p50__psi0p00,0.084,borrow,57,166,0.0,3,-0.6,-0.6,-0.61200005,1.0245371,0.0,0.09450676,0.0,0.0,0.084,0.0,0.012,0.6,0.6,-28.256002,2.2540267,0.75134224,0.120000005,0.0,0.13794312,0.0,0.0
hardzero_only__c0p58__z1p00__lam0p000__nu0p50__psi0p00,0.084,borrow,57,167,0.0,3,-0.6,-0.6,-0.6027599,0.95860076,0.11000165,0.11000165,1.0,0.009240138,0.084,0.0,0.012,0.6,0.6,-26.396242,2.1089637,0.7029879,0.16000001,0.0,0.1532368,0.0,0.0
hardzero_only__c0p58__z1p00__lam0p000__nu0p50__psi0p00,0.084,borrow,57,168,0.0,3,-0.6,-0.6,-0.61200005,1.0001001,0.0,0.09997694,0.0,0.0,0.084,0.0,0.012,0.6,0.6,-27.499197,2.2002642,0.73342144,0.15200001,0.0,0.15438625,0.0,0.0
hardzero_only__c0p58__z1p00__lam0p000__nu0p50__psi0p00,0.084,borrow,57,169,0.0,3,-0.6,-0.6,-0.61200005,1.0232259,0.0,0.094792515,0.0,0.0,0.084,0.0,0.012,0.6,0.6,-27.43961,2.251142,0.7503807,0.17,0.0,0.15149444,0.0,0.0
hardzero_only__c0p58__z1p00__lam0p000__nu0p50__psi0p00,0.084,borrow,57,170,0.0,3,-0.6,-0.6,-0.61200005,1.0287033,0.0,0.0936045,0.0,0.0,0.084,0.0,0.012,0.6,0.6,-26.962696,2.2631924,0.7543975,0.136,0.0,0.13626088,0.0,0.0
hardzero_only__c0p58__z1p00__lam0p000__nu0p50__psi0p00,0.084,borrow,57,171,0.0,3,-0.6,-0.6,-0.61200005,1.0049146,0.0,0.09887474,0.0,0.0,0.084,0.0,0.012,0.6,0.6,-26.31386,2.2108564,0.7369522,0.17600001,0.0,0.13100073,0.0,0.0
hardzero_only__c0p58__z1p00__lam0p000__nu0p50__psi0p00,0.084,borrow,57,172,0.0,3,-0.6,-0.6,-0.61200005,1.0307748,0.0,0.09315908,0.0,0.0,0.084,0.0,0.012,0.6,0.6,-27.632101,2.2677498,0.7559166,0.120000005,0.0,0.15437813,0.0,0.0
hardzero_only__c0p58__z1p00__lam0p000__nu0p50__psi0p00,0.084,borrow,57,173,0.0,3,-0.6,-0.6,-0.6033502,0.98727065,0.10297442,0.10297442,1.0,0.008649851,0.084,0.0,0.012,0.6,0.6,-27.305391,2.1720388,0.724013,0.15200001,0.0,0.1295389,0.0,0.0
hardzero_only__c0p58__z1p00__lam0p000__nu0p50__psi0p00,0.084,borrow,57,174,0.0,3,-0.6,-0.6,-0.601981,0.9234512,0.11927484,0.11927484,1.0,0.010019086,0.084,0.0,0.012,0.6,0.6,-25.954998,2.0316331,0.67721105,0.16800001,0.0,0.13170145,0.0,0.0
hardzero_only__c0p58__z1p00__lam0p000__nu0p50__psi0p00,0.084,borrow,57,175,0.0,3,-0.6,-0.6,-0.6034454,0.99207634,0.10184124,0.10184124,1.0,0.008554664,0.084,0.0,0.012,0.6,0.6,-27.82865,2.1826115,0.72753716,0.28,0.0,0.16845065,0.0,0.0
hardzero_only__c0p58__z1p00__lam0p000__nu0p50__psi0p00,0.084,borrow,57,176,0.0,3,-0.6,-0.6,-0.61200005,1.0018879,0.0,0.09956623,0.0,0.0,0.084,0.0,0.012,0.6,0.6,-26.445227,2.2041974,0.7347325,0.18400002,0.0,0.13729773,0.0,0.0
hardzero_only__c0p58__z1p00__lam0p000__nu0p50__psi0p00,0.084,borrow,57,177,0.0,3,-0.6,-0.6,-0.60330474,0.9849952,0.10351537,0.10351537,1.0,0.008695291,0.084,0.0,0.012,0.6,0.6,-26.64311,2.1670327,0.7223443,0.2,0.0,0.1298315,0.0,0.0
hardzero_only__c0p58__z1p00__lam0p000__nu0p50__psi0p00,0.084,borrow,57,178,0.0,3,-0.6,-0.6,-0.61200005,1.0677482,0.0,0.08555625,0.0,0.0,0.084,0.0,0.012,0.6,0.6,-28.191696,2.349093,0.783031,0.17600001,0.0,0.15701236,0.0,0.0
hardzero_only__c0p58__z1p00__lam0p000__nu0p50__psi0p00,0.084,borrow,57,179,0.0,3,-0.6,-0.6,-0.61200005,1.0468397,0.0,0.089776,0.0,0.0,0.084,0.0,0.012,0.6,0.6,-28.050434,2.3030934,0.7676978,0.16000001,0.0,0.15722972,0.0,0.0
hardzero_only__c0p58__z1p00__lam0p000__nu0p50__psi0p00,0.084,borrow,57,180,0.0,3,-0.6,-0.6,-0.6027608,0.95864105,0.10999145,0.10999145,1.0,0.0092392815,0.084,0.0,0.012,0.6,0.6,-26.253849,2.1090524,0.7030175,0.14400001,0.0,0.13085821,0.0,0.0
hardzero_only__c0p58__z1p00__lam0p000__nu0p50__psi0p00,0.084,borrow,57,181,0.0,3,-0.6,-0.6,-0.61200005,1.0149212,0.0,0.096622616,0.0,0.0,0.084,0.0,0.012,0.6,0.6,-27.696789,2.2328713,0.7442905,0.18400002,0.0,0.17068878,0.0,0.0
hardzero_only__c0p58__z1p00__lam0p000__nu0p50__psi0p00,0.084,borrow,57,182,0.0,3,-0.6,-0.6,-0.6022946,0.93726474,0.11554077,0.11554077,1.0,0.009705424,0.084,0.0,0.012,0.6,0.6,-26.356894,2.0620236,0.6873412,0.14999999,0.0,0.13665503,0.0,0.0
hardzero_only__c0p58__z1p00__lam0p000__nu0p50__psi0p00,0.084,borrow,57,183,0.0,3,-0.6,-0.6,-0.603191,0.9793525,0.10486908,0.10486908,1.0,0.008809003,0.084,0.0,0.012,0.6,0.6,-26.903313,2.1546185,0.71820617,0.2,0.0,0.16596411,0.0,0.0
hardzero_only__c0p58__z1p00__lam0p000__nu0p50__psi0p00,0.084,borrow,57,184,0.0,3,-0.6,-0.6,-0.61200005,1.0127578,0.0,0.097105145,0.0,0.0,0.084,0.0,0.012,0.6,0.6,-26.314974,2.2281115,0.74270386,0.208,0.0,0.12821437,0.0,0.0
hardzero_only__c0p58__z1p00__lam0p000__nu0p50__psi0p00,0.084,borrow,57,185,0.0,3,-0.6,-0.6,-0.61200005,1.0255457,0.0,0.09428754,0.0,0.0,0.084,0.0,0.012,0.6,0.6,-27.175545,2.2562456,0.7520819,0.136,0.0,0.13192108,0.0,0.0
hardzero_only__c0p58__z1p00__lam0p000__nu0p50__psi0p00,0.084,borrow,57,186,0.0,3,-0.6,-0.6,-0.61200005,1.0633228,0.0,0.08643253,0.0,0.0,0.084,0.0,0.012,0.6,0.6,-27.863443,2.339357,0.77978563,0.120000005,0.0,0.15326083,0.0,0.0
hardzero_only__c0p58__z1p00__lam0p000__nu0p50__psi0p00,0.084,borrow,57,187,0.0,3,-0.6,-0.6,-0.61200005,1.00972,0.0,0.09778675,0.0,0.0,0.084,0.0,0.012,0.6,0.6,-27.76084,2.2214284,0.74047613,0.136,0.0,0.13948725,0.0,0.0
hardzero_only__c0p58__z1p00__lam0p000__nu0p50__psi0p00,0.084,borrow,57,188,0.0,3,-0.6,-0.6,-0.60297275,0.9687213,0.10746789,0.10746789,1.0,0.009027302,0.084,0.0,0.012,0.6,0.6,-26.867855,2.1312294,0.7104098,0.23200001,0.0,0.15858549,0.0,0.0
hardzero_only__c0p58__z1p00__lam0p000__nu0p50__psi0p00,0.084,borrow,57,189,0.0,3,-0.6,-0.6,-0.61200005,1.0372788,0.0,0.09177433,0.0,0.0,0.084,0.0,0.012,0.6,0.6,-28.647318,2.282059,0.76068634,0.17600001,0.0,0.14254181,0.0,0.0
hardzero_only__c0p58__z1p00__lam0p000__nu0p50__psi0p00,0.084,borrow,57,190,0.0,3,-0.6,-0.6,-0.60341907,0.9907436,0.10215424,0.10215424,1.0,0.008580956,0.084,0.0,0.012,0.6,0.6,-27.251184,2.1796794,0.7265598,0.16000001,0.0,0.16703093,0.0,0.0
hardzero_only__c0p58__z1p00__lam0p000__nu0p50__psi0p00,0.084,borrow,57,191,0.0,3,-0.6,-0.6,-0.602172,0.93181366,0.11700012,0.11700012,1.0,0.00982801,0.084,0.0,0.012,0.6,0.6,-26.963892,2.050031,0.68334365,0.24000001,0.0,0.1353466,0.0,0.0
hardzero_only__c0p58__z1p00__lam0p000__nu0p50__psi0p00,0.084,borrow,57,192,0.0,3,-0.6,-0.6,-0.6032078,0.980181,0.10466922,0.10466922,1.0,0.008792214,0.084,0.0,0.012,0.6,0.6,-26.609169,2.1564412,0.7188138,0.16800001,0.0,0.14552504,0.0,0.0
hardzero_only__c0p58__z1p00__lam0p000__nu0p50__psi0p00,0.084,borrow,57,193,0.0,3,-0.6,-0.6,-0.6029686,0.9685207,0.10751753,0.10751753,1.0,0.009031473,0.084,0.0,0.012,0.6,0.6,-26.137045,2.130788,0.7102627,0.208,0.0,0.12351574,0.0,0.0
hardzero_only__c0p58__z1p00__lam0p000__nu0p50__psi0p00,0.084,borrow,57,194,0.0,3,-0.6,-0.6,-0.61200005,1.0186324,0.0,0.09580045,0.0,0.0,0.084,0.0,0.012,0.6,0.6,-28.160057,2.2410362,0.7470121,0.192,0.0,0.21574423,0.0,0.0
hardzero_only__c0p58__z1p00__lam0p000__nu0p50__psi0p00,0.084,borrow,57,195,0.0,3,-0.6,-0.6,-0.61200005,1.0039518,0.0,0.099094205,0.0,0.0,0.084,0.0,0.012,0.6,0.6,-27.675741,2.208738,0.73624605,0.16,0.0,0.1476477,0.0,0.0
hardzero_only__c0p58__z1p00__lam0p000__nu0p50__psi0p00,0.084,borrow,57,196,0.0,3,-0.6,-0.6,-0.60278434,0.9597508,0.10971077,0.10971077,1.0,0.009215704,0.084,0.0,0.012,0.6,0.6,-25.90408,2.1114938,0.7038313,0.17600001,0.0,0.14081697,0.0,0.0
hardzero_only__c0p58__z1p00__lam0p000__nu0p50__psi0p00,0.084,borrow,57,197,0.0,3,-0.6,-0.6,-0.603151,0.97738266,0.10534581,0.10534581,1.0,0.008849048,0.084,0.0,0.012,0.6,0.6,-26.575333,2.1502848,0.7167616,0.192,0.0,0.12927465,0.0,0.0
hardzero_only__c0p58__z1p00__lam0p000__nu0p50__psi0p00,0.084,borrow,57,198,0.0,3,-0.6,-0.6,-0.61200005,1.0187478,0.0,0.095775016,0.0,0.0,0.084,0.0,0.012,0.6,0.6,-27.535639,2.2412899,0.74709666,0.16000001,0.0,0.14062841,0.0,0.0
hardzero_only__c0p58__z1p00__lam0p000__nu0p50__psi0p00,0.084,borrow,57,199,0.0,3,-0.6,-0.6,-0.61200005,1.0393915,0.0,0.09132895,0.0,0.0,0.084,0.0,0.012,0.6,0.6,-28.02879,2.286707,0.76223564,0.120000005,0.0,0.15018672,0.0,0.0
hardzero_only__c0p58__z1p00__lam0p000__nu0p50__psi0p00,0.084,borrow,57,200,0.0,3,-0.6,-0.6,-0.6032755,0.9835346,0.10386409,0.10386409,1.0,0.008724583,0.084,0.0,0.012,0.6,0.6,-26.697403,2.1638193,0.7212731,0.16000001,0.0,0.156363,0.0,0.0
hardzero_only__c0p58__z1p00__lam0p000__nu0p50__psi0p00,0.084,borrow,57,201,0.0,3,-0.6,-0.6,-0.60317165,0.9783972,0.105100006,0.105100006,1.0,0.008828401,0.084,0.0,0.012,0.6,0.6,-26.53801,2.1525168,0.71750563,0.192,0.0,0.12919366,0.0,0.0
hardzero_only__c0p58__z1p00__lam0p000__nu0p50__psi0p00,0.084,borrow,57,202,0.0,3,-0.6,-0.6,-0.61200005,1.0242851,0.0,0.09456162,0.0,0.0,0.084,0.0,0.012,0.6,0.6,-27.600435,2.253472,0.7511574,0.112,0.0,0.13395885,0.0,0.0
hardzero_only__c0p58__z1p00__lam0p000__nu0p50__psi0p00,0.084,borrow,57,203,0.0,3,-0.6,-0.6,-0.60305655,0.97277224,0.10647012,0.10647012,1.0,0.00894349,0.084,0.0,0.012,0.6,0.6,-26.417028,2.1401417,0.7133806,0.224,0.0,0.15572558,0.0,0.0
hardzero_only__c0p58__z1p00__lam0p000__nu0p50__psi0p00,0.084,borrow,57,204,0.0,3,-0.6,-0.6,-0.6034946,0.9945815,0.101255454,0.101255454,1.0,0.008505458,0.084,0.0,0.012,0.6,0.6,-27.357029,2.188123,0.72937435,0.104,0.0,0.15379538,0.0,0.0
hardzero_only__c0p58__z1p00__lam0p000__nu0p50__psi0p00,0.084,borrow,57,205,0.0,3,-0.6,-0.6,-0.6034708,0.99336946,0.10153845,0.10153845,1.0,0.00852923,0.084,0.0,0.012,0.6,0.6,-26.98345,2.1854565,0.7284855,0.17600001,0.0,0.16476703,0.0,0.0
hardzero_only__c0p58__z1p00__lam0p000__nu0p50__psi0p00,0.084,borrow,57,206,0.0,3,-0.6,-0.6,-0.6029115,0.96578467,0.10819703,0.10819703,1.0,0.009088551,0.084,0.0,0.012,0.6,0.6,-26.179693,2.1247687,0.70825624,0.192,0.0,0.13368076,0.0,0.0
hardzero_only__c0p58__z1p00__lam0p000__nu0p50__psi0p00,0.084,borrow,57,207,0.0,3,-0.6,-0.6,-0.61200005,1.0082164,0.0,0.09812588,0.0,0.0,0.084,0.0,0.012,0.6,0.6,-27.347788,2.2181203,0.73937345,0.17600001,0.0,0.15434958,0.0,0.0
hardzero_only__c0p58__z1p00__lam0p000__nu0p50__psi0p00,0.084,borrow,57,208,0.0,3,-0.6,-0.6,-0.61200005,1.0059525,0.0,0.09863875,0.0,0.0,0.084,0.0,0.012,0.6,0.6,-27.008627,2.2131395,0.7377132,0.17,0.0,0.13559301,0.0,0.0
hardzero_only__c0p58__z1p00__lam0p000__nu0p50__psi0p00,0.084,borrow,57,209,0.0,3,-0.6,-0.6,-0.60300577,0.97031194,0.107075006,0.107075006,1.0,0.0089943,0.084,0.0,0.012,0.6,0.6,-26.09284,2.134729,0.71157634,0.08800001,0.0,0.14454988,0.0,0.0
hardzero_only__c0p58__z1p00__lam0p000__nu0p50__psi0p00,0.084,borrow,57,210,0.0,3,-0.6,-0.6,-0.61200005,1.001733,0.0,0.099601775,0.0,0.0,0.084,0.0,0.012,0.6,0.6,-26.582687,2.2038565,0.73461884,0.136,0.0,0.12630913,0.0,0.0
hardzero_only__c0p58__z1p00__lam0p000__nu0p50__psi0p00,0.084,borrow,57,211,0.0,3,-0.6,-0.6,-0.61200005,1.0336975,0.0,0.092534244,0.0,0.0,0.084,0.0,0.012,0.6,0.6,-27.73717,2.27418,0.75806,0.08800001,0.0,0.13568582,0.0,0.0
hardzero_only__c0p58__z1p00__lam0p000__nu0p50__psi0p00,0.084,borrow,57,212,0.0,3,-0.6,-0.6,-0.6030944,0.9746151,0.106019296,0.106019296,1.0,0.00890562,0.084,0.0,0.012,0.6,0.6,-26.474607,2.144196,0.71473205,0.2,0.0,0.11809755,0.0,0.0
hardzero_only__c0p58__z1p00__lam0p000__nu0p50__psi0p00,0.084,borrow,57,213,0.0,3,-0.6,-0.6,-0.6034131,0.9904417,0.10222528,0.10222528,1.0,0.008586924,0.084,0.0,0.012,0.6,0.6,-27.111845,2.1790152,0.7263384,0.17600001,0.0,0.13206385,0.0,0.0
hardzero_only__c0p58__z1p00__lam0p000__nu0p50__psi0p00,0.084,borrow,57,214,0.0,3,-0.6,-0.6,-0.61200005,1.0354681,0.0,0.09215775,0.0,0.0,0.084,0.0,0.012,0.6,0.6,-26.963568,2.2780752,0.7593584,0.136,0.0,0.13190514,0.0,0.0
hardzero_only__c0p58__z1p00__lam0p000__nu0p50__psi0p00,0.084,borrow,57,215,0.0,3,-0.6,-0.6,-0.61200005,1.03145,0.0,0.09301436,0.0,0.0,0.084,0.0,0.012,0.6,0.6,-27.66026,2.2692354,0.7564118,0.216,0.0,0.14641747,0.0,0.0
hardzero_only__c0p58__z1p00__lam0p000__nu0p50__psi0p00,0.084,borrow,57,216,0.0,3,-0.6,-0.6,-0.6034625,0.9929457,0.10163758,0.10163758,1.0,0.008537557,0.084,0.0,0.012,0.6,0.6,-27.243353,2.184524,0.7281747,0.136,0.0,0.14705405,0.0,0.0
hardzero_only__c0p58__z1p00__lam0p000__nu0p50__psi0p00,0.084,borrow,57,217,0.0,3,-0.6,-0.6,-0.61200005,1.0351716,0.0,0.09222068,0.0,0.0,0.084,0.0,0.012,0.6,0.6,-26.95148,2.2774231,0.7591411,0.112,0.0,0.15176019,0.0,0.0
hardzero_only__c0p58__z1p00__lam0p000__nu0p50__psi0p00,0.084,borrow,57,218,0.0,3,-0.6,-0.6,-0.61200005,1.0058031,0.0,0.098672666,0.0,0.0,0.084,0.0,0.012,0.6,0.6,-26.787952,2.212811,0.73760366,0.15200001,0.0,0.14180364,0.0,0.0
hardzero_only__c0p58__z1p00__lam0p000__nu0p50__psi0p00,0.084,borrow,57,219,0.0,3,-0.6,-0.6,-0.6030901,0.9744045,0.10607073,0.10607073,1.0,0.008909941,0.084,0.0,0.012,0.6,0.6,-27.21896,2.1437328,0.7145776,0.14400001,0.0,0.1325973,0.0,0.0
hardzero_only__c0p58__z1p00__lam0p000__nu0p50__psi0p00,0.084,borrow,57,220,0.0,3,-0.6,-0.6,-0.6034723,0.993446,0.10152056,0.10152056,1.0,0.008527727,0.084,0.0,0.012,0.6,0.6,-27.552727,2.1856248,0.7285416,0.14400001,0.0,0.14331904,0.0,0.0
hardzero_only__c0p58__z1p00__lam0p000__nu0p50__psi0p00,0.084,borrow,57,221,0.0,3,-0.6,-0.6,-0.61200005,1.0041823,0.0,0.0990416,0.0,0.0,0.084,0.0,0.012,0.6,0.6,-27.179268,2.2092452,0.7364151,0.24,0.0,0.13520418,0.0,0.0
hardzero_only__c0p58__z1p00__lam0p000__nu0p50__psi0p00,0.084,borrow,57,222,0.0,3,-0.6,-0.6,-0.6028404,0.9624021,0.10904303,0.10904303,1.0,0.009159614,0.084,0.0,0.012,0.6,0.6,-25.940502,2.117327,0.7057757,0.16800001,0.0,0.13720518,0.0,0.0
hardzero_only__c0p58__z1p00__lam0p000__nu0p50__psi0p00,0.084,borrow,57,223,0.0,3,-0.6,-0.6,-0.61200005,1.035777,0.0,0.09209223,0.0,0.0,0.084,0.0,0.012,0.6,0.6,-27.780354,2.278755,0.759585,0.112,0.0,0.11707924,0.0,0.0
hardzero_only__c0p58__z1p00__lam0p000__nu0p50__psi0p00,0.084,borrow,57,224,0.0,3,-0.6,-0.6,-0.60248685,0.9459529,0.11325231,0.11325231,1.0,0.009513194,0.084,0.0,0.012,0.6,0.6,-26.733707,2.081138,0.69371265,0.23200001,0.0,0.16156481,0.0,0.0
hardzero_only__c0p58__z1p00__lam0p000__nu0p50__psi0p00,0.084,borrow,57,225,0.0,3,-0.6,-0.6,-0.61200005,1.011033,0.0,0.09749155,0.0,0.0,0.084,0.0,0.012,0.6,0.6,-26.919325,2.224317,0.74143904,0.16000001,0.008,0.14300786,0.0,0.0
hardzero_only__c0p58__z1p00__lam0p000__nu0p50__psi0p00,0.084,borrow,57,226,0.0,3,-0.6,-0.6,-0.60343575,0.9915867,0.10195613,0.10195613,1.0,0.008564315,0.084,0.0,0.012,0.6,0.6,-27.065388,2.1815343,0.7271781,0.136,0.0,0.13373041,0.0,0.0
hardzero_only__c0p58__z1p00__lam0p000__nu0p50__psi0p00,0.084,borrow,57,227,0.0,3,-0.6,-0.6,-0.61200005,1.0119944,0.0,0.097275995,0.0,0.0,0.084,0.0,0.012,0.6,0.6,-27.04939,2.226432,0.74214405,0.192,0.0,0.12992927,0.0,0.0
hardzero_only__c0p58__z1p00__lam0p000__nu0p50__psi0p00,0.084,borrow,57,228,0.0,3,-0.6,-0.6,-0.6023121,0.93804705,0.11533284,0.11533284,1.0,0.009687958,0.084,0.0,0.012,0.6,0.6,-25.893795,2.0637448,0.68791497,0.16000001,0.0,0.114773706,0.0,0.0
hardzero_only__c0p58__z1p00__lam0p000__nu0p50__psi0p00,0.084,borrow,57,229,0.0,3,-0.6,-0.6,-0.61200005,1.021489,0.0,0.0951724,0.0,0.0,0.084,0.0,0.012,0.6,0.6,-27.139952,2.2473207,0.7491069,0.128,0.0,0.12688938,0.0,0.0
hardzero_only__c0p58__z1p00__lam0p000__nu0p50__psi0p00,0.084,borrow,57,230,0.0,3,-0.6,-0.6,-0.60354483,0.997154,0.10065746,0.10065746,1.0,0.008455227,0.084,0.0,0.012,0.6,0.6,-26.886963,2.1937826,0.7312609,0.15200001,0.0,0.13266587,0.0,0.0
hardzero_only__c0p58__z1p00__lam0p000__nu0p50__psi0p00,0.084,borrow,57,231,0.0,3,-0.6,-0.6,-0.61200005,1.0845009,0.0,0.082318805,0.0,0.0,0.084,0.0,0.012,0.6,0.6,-28.67704,2.3859496,0.7953166,0.128,0.0,0.14816388,0.0,0.0
hardzero_only__c0p58__z1p00__lam0p000__nu0p50__psi0p00,0.084,borrow,57,232,0.0,3,-0.6,-0.6,-0.6035278,0.99628097,0.10086,0.10086,1.0,0.00847224,0.084,0.0,0.012,0.6,0.6,-26.597704,2.1918619,0.7306206,0.2,0.0,0.17400838,0.0,0.0
hardzero_only__c0p58__z1p00__lam0p000__nu0p50__psi0p00,0.084,borrow,57,233,0.0,3,-0.6,-0.6,-0.6028636,0.9635025,0.10876708,0.10876708,1.0,0.009136435,0.084,0.0,0.012,0.6,0.6,-26.588552,2.1197479,0.70658267,0.192,0.0,0.13146032,0.0,0.0
hardzero_only__c0p58__z1p00__lam0p000__nu0p50__psi0p00,0.084,borrow,57,234,0.0,3,-0.6,-0.6,-0.60327053,0.98328817,0.103923045,0.103923045,1.0,0.008729536,0.084,0.0,0.012,0.6,0.6,-27.219448,2.1632771,0.7210924,0.19,0.0,0.13852611,0.0,0.0
hardzero_only__c0p58__z1p00__lam0p000__nu0p50__psi0p00,0.084,borrow,57,235,0.0,3,-0.6,-0.6,-0.61200005,1.0399221,0.0,0.09121742,0.0,0.0,0.084,0.0,0.012,0.6,0.6,-27.125584,2.2878742,0.76262474,0.120000005,0.0,0.14481717,0.0,0.0
hardzero_only__c0p58__z1p00__lam0p000__nu0p50__psi0p00,0.084,borrow,57,236,0.0,3,-0.6,-0.6,-0.6025278,0.94782716,0.11276462,0.11276462,1.0,0.009472228,0.084,0.0,0.012,0.6,0.6,-25.412754,2.0852613,0.69508713,0.18400002,0.0,0.118471324,0.0,0.0
hardzero_only__c0p58__z1p00__lam0p000__nu0p50__psi0p00,0.084,borrow,57,237,0.0,3,-0.6,-0.6,-0.6030684,0.97334737,0.10632922,0.10632922,1.0,0.0089316545,0.084,0.0,0.012,0.6,0.6,-27.053743,2.141407,0.71380234,0.16000001,0.0,0.155264,0.0,0.0
hardzero_only__c0p58__z1p00__lam0p000__nu0p50__psi0p00,0.084,borrow,57,238,0.0,3,-0.6,-0.6,-0.60318226,0.9789201,0.10497355,0.10497355,1.0,0.008817778,0.084,0.0,0.012,0.6,0.6,-26.436123,2.1536672,0.7178891,0.17600001,0.0,0.14383359,0.0,0.0
hardzero_only__c0p58__z1p00__lam0p000__nu0p50__psi0p00,0.084,borrow,57,239,0.0,3,-0.6,-0.6,-0.61200005,1.0441823,0.0,0.09032703,0.0,0.0,0.084,0.0,0.012,0.6,0.6,-27.314116,2.297247,0.765749,0.104,0.0,0.14833057,0.0,0.0
hardzero_only__c0p58__z1p00__lam0p000__nu0p50__psi0p00,0.084,borrow,57,240,0.0,3,-0.6,-0.6,-0.61200005,1.02866,0.0,0.093613826,0.0,0.0,0.084,0.0,0.012,0.6,0.6,-27.566275,2.2630973,0.7543658,0.136,0.0,0.13061725,0.0,0.0
hardzero_only__c0p58__z1p00__lam0p000__nu0p50__psi0p00,0.084,borrow,57,241,0.0,3,-0.6,-0.6,-0.61200005,1.0083036,0.0,0.09810618,0.0,0.0,0.084,0.0,0.012,0.6,0.6,-27.425705,2.2183123,0.73943746,0.120000005,0.0,0.13371995,0.0,0.0
hardzero_only__c0p58__z1p00__lam0p000__nu0p50__psi0p00,0.084,borrow,57,242,0.0,3,-0.6,-0.6,-0.6035364,0.9967217,0.10075771,0.10075771,1.0,0.008463647,0.084,0.0,0.012,0.6,0.6,-26.657505,2.1928315,0.73094386,0.16800001,0.0,0.14514865,0.0,0.0
hardzero_only__c0p58__z1p00__lam0p000__nu0p50__psi0p00,0.084,borrow,57,243,0.0,3,-0.6,-0.6,-0.6033336,0.9864384,0.10317193,0.10317193,1.0,0.008666442,0.084,0.0,0.012,0.6,0.6,-26.94866,2.1702077,0.7234026,0.17600001,0.0,0.14232902,0.0,0.0
hardzero_only__c0p58__z1p00__lam0p000__nu0p50__psi0p00,0.084,borrow,57,244,0.0,3,-0.6,-0.6,-0.61200005,1.024955,0.0,0.094415866,0.0,0.0,0.084,0.0,0.012,0.6,0.6,-28.089722,2.2549462,0.7516488,0.14400001,0.0,0.1795299,0.0,0.0
hardzero_only__c0p58__z1p00__lam0p000__nu0p50__psi0p00,0.084,borrow,57,245,0.0,3,-0.6,-0.6,-0.61200005,1.0101197,0.0,0.097696796,0.0,0.0,0.084,0.0,0.012,0.6,0.6,-26.53786,2.2223077,0.74076927,0.14400001,0.0,0.16232781,0.0,0.0
hardzero_only__c0p58__z1p00__lam0p000__nu0p50__psi0p00,0.084,borrow,57,246,0.0,3,-0.6,-0.6,-0.61200005,1.0199522,0.0,0.09550977,0.0,0.0,0.084,0.0,0.012,0.6,0.6,-27.442005,2.2439396,0.7479799,0.136,0.0,0.140696,0.0,0.0
hardzero_only__c0p58__z1p00__lam0p000__nu0p50__psi0p00,0.084,borrow,57,247,0.0,3,-0.6,-0.6,-0.603582,0.999069,0.100214615,0.100214615,1.0,0.008418027,0.084,0.0,0.012,0.6,0.6,-26.526457,2.1979957,0.73266524,0.14999999,0.0,0.14057817,0.0,0.0
hardzero_only__c0p58__z1p00__lam0p000__nu0p50__psi0p00,0.084,borrow,57,248,0.0,3,-0.6,-0.6,-0.6032384,0.98169297,0.10430546,0.10430546,1.0,0.008761658,0.084,0.0,0.012,0.6,0.6,-25.884485,2.1597676,0.71992254,0.192,0.0,0.17891087,0.0,0.0
hardzero_only__c0p58__z1p00__lam0p000__nu0p50__psi0p00,0.084,borrow,57,249,0.0,3,-0.6,-0.6,-0.6024897,0.94608295,0.113218404,0.113218404,1.0,0.009510346,0.084,0.0,0.012,0.6,0.6,-25.478323,2.081424,0.693808,0.192,0.0,0.10922783,0.0,0.0
hardzero_only__c0p58__z1p00__lam0p000__nu0p50__psi0p00,0.084,borrow,57,250,0.0,3,-0.6,-0.6,-0.6035201,0.9958844,0.10095214,0.10095214,1.0,0.00847998,0.084,0.0,0.012,0.6,0.6,-26.346867,2.1909895,0.7303299,0.136,0.0,0.12223931,0.0,0.0
hardzero_only__c0p58__z1p00__lam0p000__nu0p50__psi0p00,0.084,borrow,57,251,0.0,3,-0.6,-0.6,-0.6035909,0.99952793,0.10010875,0.10010875,1.0,0.008409135,0.084,0.0,0.012,0.6,0.6,-27.012297,2.1990054,0.7330018,0.18400002,0.0,0.149984,0.0,0.0
hardzero_only__c0p58__z1p00__lam0p000__nu0p50__psi0p00,0.084,borrow,57,252,0.0,3,-0.6,-0.6,-0.61200005,1.0145701,0.0,0.096700765,0.0,0.0,0.084,0.0,0.012,0.6,0.6,-26.555859,2.2320988,0.744033,0.136,0.0,0.12477675,0.0,0.0
hardzero_only__c0p58__z1p00__lam0p000__nu0p50__psi0p00,0.084,borrow,57,253,0.0,3,-0.6,-0.6,-0.60292524,0.96644294,0.10803314,0.10803314,1.0,0.009074784,0.084,0.0,0.012,0.6,0.6,-25.912851,2.126217,0.708739,0.18400002,0.0,0.12845486,0.0,0.0
hardzero_only__c0p58__z1p00__lam0p000__nu0p50__psi0p00,0.084,borrow,57,254,0.0,3,-0.6,-0.6,-0.6030379,0.9718666,0.106692374,0.106692374,1.0,0.008962159,0.084,0.0,0.012,0.6,0.6,-26.484724,2.1381493,0.71271646,0.18400002,0.0,0.14060959,0.0,0.0
hardzero_only__c0p58__z1p00__lam0p000__nu0p50__psi0p00,0.084,borrow,57,255,0.0,3,-0.6,-0.6,-0.61200005,1.0119568,0.0,0.09728439,0.0,0.0,0.084,0.0,0.012,0.6,0.6,-26.530146,2.2263494,0.74211645,0.15200001,0.0,0.11867244,0.0,0.0
hardzero_only__c0p58__z1p00__lam0p000__nu0p50__psi0p00,0.084,borrow,57,256,0.0,3,-0.6,-0.6,-0.6024627,0.9448514,0.11353992,0.11353992,1.0,0.009537353,0.084,0.0,0.012,0.6,0.6,-25.864582,2.0787146,0.6929049,0.17600001,0.0,0.1288043,0.0,0.0
hardzero_only__c0p58__z1p00__lam0p000__nu0p50__psi0p00,0.084,borrow,57,257,0.0,3,-0.6,-0.6,-0.6027675,0.9589579,0.10991123,0.10991123,1.0,0.009232543,0.084,0.0,0.012,0.6,0.6,-26.248865,2.1097496,0.7032499,0.15200001,0.0,0.1288545,0.0,0.0
hardzero_only__c0p58__z1p00__lam0p000__nu0p50__psi0p00,0.084,borrow,57,258,0.0,3,-0.6,-0.6,-0.61200005,1.0057118,0.0,0.09869342,0.0,0.0,0.084,0.0,0.012,0.6,0.6,-27.034567,2.2126102,0.7375368,0.14400001,0.0,0.13783701,0.0,0.0
hardzero_only__c0p58__z1p00__lam0p000__nu0p50__psi0p00,0.084,borrow,57,259,0.0,3,-0.6,-0.6,-0.61200005,1.055267,0.0,0.088050745,0.0,0.0,0.084,0.0,0.012,0.6,0.6,-27.014149,2.3216338,0.773878,0.16000001,0.0,0.14495362,0.0,0.0
hardzero_only__c0p58__z1p00__lam0p000__nu0p50__psi0p00,0.084,borrow,57,260,0.0,3,-0.6,-0.6,-0.602317,0.93826705,0.115274414,0.115274414,1.0,0.00968305,0.084,0.0,0.012,0.6,0.6,-26.275923,2.0642288,0.68807626,0.26,0.0,0.15583898,0.0,0.0
hardzero_only__c0p58__z1p00__lam0p000__nu0p50__psi0p00,0.084,borrow,57,261,0.0,3,-0.6,-0.6,-0.61200005,1.0181439,0.0,0.095908284,0.0,0.0,0.084,0.0,0.012,0.6,0.6,-27.948294,2.2399614,0.7466538,0.192,0.0,0.16512834,0.0,0.0
hardzero_only__c0p58__z1p00__lam0p000__nu0p50__psi0p00,0.084,borrow,57,262,0.0,3,-0.6,-0.6,-0.60354555,0.9971906,0.10064899,0.10064899,1.0,0.008454516,0.084,0.0,0.012,0.6,0.6,-26.991154,2.1938632,0.7312877,0.136,0.0,0.1740493,0.0,0.0
hardzero_only__c0p58__z1p00__lam0p000__nu0p50__psi0p00,0.084,borrow,57,263,0.0,3,-0.6,-0.6,-0.6032664,0.9830843,0.10397182,0.10397182,1.0,0.008733632,0.084,0.0,0.012,0.6,0.6,-26.437622,2.1628287,0.7209429,0.16800001,0.008,0.15725541,0.0,0.0
hardzero_only__c0p58__z1p00__lam0p000__nu0p50__psi0p00,0.084,borrow,57,264,0.0,3,-0.6,-0.6,-0.60233563,0.93910295,0.11505275,0.11505275,1.0,0.009664431,0.084,0.0,0.012,0.6,0.6,-25.76247,2.0660677,0.68868923,0.192,0.008,0.13804835,0.0,0.0
hardzero_only__c0p58__z1p00__lam0p000__nu0p50__psi0p00,0.084,borrow,57,265,0.0,3,-0.6,-0.6,-0.6032113,0.9803523,0.10462796,0.10462796,1.0,0.008788749,0.084,0.0,0.012,0.6,0.6,-26.723616,2.1568182,0.7189394,0.17600001,0.0,0.1598138,0.0,0.0
hardzero_only__c0p58__z1p00__lam0p000__nu0p50__psi0p00,0.084,borrow,57,266,0.0,3,-0.6,-0.6,-0.60328114,0.9838183,0.103796266,0.103796266,1.0,0.008718886,0.084,0.0,0.012,0.6,0.6,-26.820297,2.1644435,0.7214812,0.192,0.0,0.14356652,0.0,0.0
hardzero_only__c0p58__z1p00__lam0p000__nu0p50__psi0p00,0.084,borrow,57,267,0.0,3,-0.6,-0.6,-0.61200005,1.0123504,0.0,0.097196266,0.0,0.0,0.084,0.0,0.012,0.6,0.6,-27.125534,2.2272155,0.7424052,0.136,0.0,0.14684063,0.0,0.0
hardzero_only__c0p58__z1p00__lam0p000__nu0p50__psi0p00,0.084,borrow,57,268,0.0,3,-0.6,-0.6,-0.61200005,1.0417752,0.0,0.09082905,0.0,0.0,0.084,0.0,0.012,0.6,0.6,-28.098497,2.2919512,0.7639837,0.128,0.0,0.17004204,0.0,0.0
hardzero_only__c0p58__z1p00__lam0p000__nu0p50__psi0p00,0.084,borrow,57,269,0.0,3,-0.6,-0.6,-0.61200005,1.0078025,0.0,0.09821946,0.0,0.0,0.084,0.0,0.012,0.6,0.6,-26.218225,2.2172098,0.73906994,0.17600001,0.0,0.15260251,0.0,0.0
hardzero_only__c0p58__z1p00__lam0p000__nu0p50__psi0p00,0.084,borrow,57,270,0.0,3,-0.6,-0.6,-0.61200005,1.0531764,0.0,0.08847561,0.0,0.0,0.084,0.0,0.012,0.6,0.6,-27.68104,2.3170345,0.7723448,0.136,0.0,0.1400124,0.0,0.0
hardzero_only__c0p58__z1p00__lam0p000__nu0p50__psi0p00,0.084,borrow,57,271,0.0,3,-0.6,-0.6,-0.6030507,0.9724878,0.106539875,0.106539875,1.0,0.00894935,0.084,0.0,0.012,0.6,0.6,-26.369402,2.1395159,0.71317196,0.16800001,0.0,0.13884687,0.0,0.0
hardzero_only__c0p58__z1p00__lam0p000__nu0p50__psi0p00,0.084,borrow,57,272,0.0,3,-0.6,-0.6,-0.61200005,1.0117837,0.0,0.09732318,0.0,0.0,0.084,0.0,0.012,0.6,0.6,-28.475094,2.2259686,0.74198955,0.216,0.0,0.1797549,0.0,0.0
hardzero_only__c0p58__z1p00__lam0p000__nu0p50__psi0p00,0.084,borrow,57,273,0.0,3,-0.6,-0.6,-0.6035685,0.9983726,0.10037542,0.10037542,1.0,0.008431535,0.084,0.0,0.012,0.6,0.6,-27.196774,2.1964636,0.73215455,0.16,0.0,0.13741474,0.0,0.0
hardzero_only__c0p58__z1p00__lam0p000__nu0p50__psi0p00,0.084,borrow,57,274,0.0,3,-0.6,-0.6,-0.61200005,1.0107831,0.0,0.09754767,0.0,0.0,0.084,0.0,0.012,0.6,0.6,-26.785099,2.223767,0.7412557,0.136,0.0,0.12309015,0.0,0.0
hardzero_only__c0p58__z1p00__lam0p000__nu0p50__psi0p00,0.084,borrow,57,275,0.0,3,-0.6,-0.6,-0.6026303,0.95255184,0.1115445,0.1115445,1.0,0.0093697375,0.084,0.0,0.012,0.6,0.6,-27.022459,2.095656,0.698552,0.112,0.0,0.15925518,0.0,0.0
hardzero_only__c0p58__z1p00__lam0p000__nu0p50__psi0p00,0.084,borrow,57,276,0.0,3,-0.6,-0.6,-0.60339373,0.9894627,0.10245598,0.10245598,1.0,0.008606303,0.084,0.0,0.012,0.6,0.6,-26.468029,2.1768613,0.72562045,0.16000001,0.0,0.13232142,0.0,0.0
hardzero_only__c0p58__z1p00__lam0p000__nu0p50__psi0p00,0.084,borrow,57,277,0.0,3,-0.6,-0.6,-0.6031391,0.9768006,0.105487116,0.105487116,1.0,0.008860918,0.084,0.0,0.012,0.6,0.6,-26.603771,2.1490042,0.71633476,0.18400002,0.0,0.12613681,0.0,0.0
hardzero_only__c0p58__z1p00__lam0p000__nu0p50__psi0p00,0.084,borrow,57,278,0.0,3,-0.6,-0.6,-0.60214764,0.93073696,0.117290564,0.117290564,1.0,0.0098524075,0.084,0.0,0.012,0.6,0.6,-25.518017,2.0476623,0.6825541,0.24000001,0.0,0.12254317,0.0,0.0
hardzero_only__c0p58__z1p00__lam0p000__nu0p50__psi0p00,0.084,borrow,57,279,0.0,3,-0.6,-0.6,-0.60352606,0.9961917,0.10088075,0.10088075,1.0,0.008473983,0.084,0.0,0.012,0.6,0.6,-26.493155,2.1916654,0.7305552,0.18400002,0.0,0.12575157,0.0,0.0
hardzero_only__c0p58__z1p00__lam0p000__nu0p50__psi0p00,0.084,borrow,57,280,0.0,3,-0.6,-0.6,-0.61200005,1.0220069,0.0,0.09505896,0.0,0.0,0.084,0.0,0.012,0.6,0.6,-27.50969,2.24846,0.7494867,0.120000005,0.0,0.17183979,0.0,0.0
hardzero_only__c0p58__z1p00__lam0p000__nu0p50__psi0p00,0.084,borrow,57,281,0.0,3,-0.6,-0.6,-0.60325265,0.9824016,0.1041354,0.1041354,1.0,0.008747374,0.084,0.0,0.012,0.6,0.6,-26.837244,2.1613266,0.72044224,0.16800001,0.0,0.14300887,0.0,0.0
hardzero_only__c0p58__z1p00__lam0p000__nu0p50__psi0p00,0.084,borrow,57,282,0.0,3,-0.6,-0.6,-0.6031051,0.9751368,0.105891995,0.105891995,1.0,0.008894928,0.084,0.0,0.012,0.6,0.6,-25.948198,2.1453438,0.7151146,0.120000005,0.0,0.1395549,0.0,0.0
hardzero_only__c0p58__z1p00__lam0p000__nu0p50__psi0p00,0.084,borrow,57,283,0.0,3,-0.6,-0.6,-0.61200005,1.0181652,0.0,0.09590357,0.0,0.0,0.084,0.0,0.012,0.6,0.6,-27.279388,2.2400084,0.7466695,0.14400001,0.008,0.14240746,0.0,0.0
hardzero_only__c0p58__z1p00__lam0p000__nu0p50__psi0p00,0.084,borrow,57,284,0.0,3,-0.6,-0.6,-0.60337293,0.98841417,0.10270364,0.10270364,1.0,0.0086271055,0.084,0.0,0.012,0.6,0.6,-27.49615,2.1745546,0.72485155,0.14400001,0.0,0.15388238,0.0,0.0
hardzero_only__c0p58__z1p00__lam0p000__nu0p50__psi0p00,0.084,borrow,57,285,0.0,3,-0.6,-0.6,-0.61200005,1.0294447,0.0,0.09344484,0.0,0.0,0.084,0.0,0.012,0.6,0.6,-27.480423,2.2648237,0.7549412,0.15200001,0.0,0.1377743,0.0,0.0
hardzero_only__c0p58__z1p00__lam0p000__nu0p50__psi0p00,0.084,borrow,57,286,0.0,3,-0.6,-0.6,-0.61200005,1.0097195,0.0,0.097786866,0.0,0.0,0.084,0.0,0.012,0.6,0.6,-27.620825,2.2214272,0.7404758,0.19999999,0.0,0.1749085,0.0,0.0
hardzero_only__c0p58__z1p00__lam0p000__nu0p50__psi0p00,0.084,borrow,57,287,0.0,3,-0.6,-0.6,-0.60319895,0.9797424,0.10477499,0.10477499,1.0,0.008801099,0.084,0.0,0.012,0.6,0.6,-26.63259,2.1554763,0.71849215,0.16000001,0.0,0.13901848,0.0,0.0
hardzero_only__c0p58__z1p00__lam0p000__nu0p50__psi0p00,0.084,borrow,57,288,0.0,3,-0.6,-0.6,-0.60312015,0.97586983,0.105713435,0.105713435,1.0,0.008879928,0.084,0.0,0.012,0.6,0.6,-26.887638,2.1469564,0.71565217,0.104,0.0,0.13674664,0.0,0.0
hardzero_only__c0p58__z1p00__lam0p000__nu0p50__psi0p00,0.084,borrow,57,289,0.0,3,-0.6,-0.6,-0.61200005,1.0257146,0.0,0.09425087,0.0,0.0,0.084,0.0,0.012,0.6,0.6,-27.355223,2.2566173,0.7522058,0.15200001,0.0,0.16648395,0.0,0.0
hardzero_only__c0p58__z1p00__lam0p000__nu0p50__psi0p00,0.084,borrow,57,290,0.0,3,-0.6,-0.6,-0.60342,0.9907905,0.102143206,0.102143206,1.0,0.008580029,0.084,0.0,0.012,0.6,0.6,-26.890835,2.1797826,0.7265942,0.16800001,0.0,0.15092339,0.0,0.0
hardzero_only__c0p58__z1p00__lam0p000__nu0p50__psi0p00,0.084,borrow,57,291,0.0,3,-0.6,-0.6,-0.6029215,0.9662628,0.10807797,0.10807797,1.0,0.009078549,0.084,0.0,0.012,0.6,0.6,-26.721806,2.1258206,0.7086069,0.15200001,0.0,0.13161619,0.0,0.0
hardzero_only__c0p58__z1p00__lam0p000__nu0p50__psi0p00,0.084,borrow,57,292,0.0,3,-0.6,-0.6,-0.6030506,0.9724829,0.106541075,0.106541075,1.0,0.00894945,0.084,0.0,0.012,0.6,0.6,-26.08536,2.1395051,0.7131684,0.24000001,0.0,0.17493294,0.0,0.0
hardzero_only__c0p58__z1p00__lam0p000__nu0p50__psi0p00,0.084,borrow,57,293,0.0,3,-0.6,-0.6,-0.60226196,0.93580514,0.11592972,0.11592972,1.0,0.009738097,0.084,0.0,0.012,0.6,0.6,-25.93935,2.0588124,0.68627083,0.224,0.0,0.13139461,0.0,0.0
hardzero_only__c0p58__z1p00__lam0p000__nu0p50__psi0p00,0.084,borrow,57,294,0.0,3,-0.6,-0.6,-0.61200005,1.035344,0.0,0.0921841,0.0,0.0,0.084,0.0,0.012,0.6,0.6,-28.202911,2.2778022,0.75926745,0.192,0.0,0.19487394,0.0,0.0
hardzero_only__c0p58__z1p00__lam0p000__nu0p50__psi0p00,0.084,borrow,57,295,0.0,3,-0.6,-0.6,-0.61200005,1.0079659,0.0,0.09818249,0.0,0.0,0.084,0.0,0.012,0.6,0.6,-26.09287,2.2175694,0.7391898,0.128,0.0,0.1413618,0.0,0.0
hardzero_only__c0p58__z1p00__lam0p000__nu0p50__psi0p00,0.084,borrow,57,296,0.0,3,-0.6,-0.6,-0.6028205,0.961459,0.10928008,0.10928008,1.0,0.009179527,0.084,0.0,0.012,0.6,0.6,-27.016855,2.115252,0.705084,0.18400002,0.0,0.1562229,0.0,0.0
hardzero_only__c0p58__z1p00__lam0p000__nu0p50__psi0p00,0.084,borrow,57,297,0.0,3,-0.6,-0.6,-0.61200005,1.0117657,0.0,0.09732722,0.0,0.0,0.084,0.0,0.012,0.6,0.6,-26.852411,2.225929,0.7419764,0.104,0.0,0.13291372,0.0,0.0
hardzero_only__c0p58__z1p00__lam0p000__nu0p50__psi0p00,0.084,borrow,57,298,0.0,3,-0.6,-0.6,-0.60305226,0.9725643,0.106521115,0.106521115,1.0,0.008947774,0.084,0.0,0.012,0.6,0.6,-26.798069,2.1396842,0.7132281,0.16000001,0.0,0.15419883,0.0,0.0
hardzero_only__c0p58__z1p00__lam0p000__nu0p50__psi0p00,0.084,borrow,57,299,0.0,3,-0.6,-0.6,-0.60323745,0.9816473,0.10431643,0.10431643,1.0,0.008762579,0.084,0.0,0.012,0.6,0.6,-25.888031,2.1596673,0.7198891,0.21,0.0,0.14104824,0.0,0.0
hardzero_only__c0p58__z1p00__lam0p000__nu0p50__psi0p00,0.084,borrow,57,300,0.0,3,-0.6,-0.6,-0.61200005,1.0005363,0.0,0.09987657,0.0,0.0,0.084,0.0,0.012,0.6,0.6,-26.937021,2.2012239,0.7337413,0.17600001,0.0,0.16036034,0.0,0.0
hardzero_only__c0p58__z1p00__lam0p000__nu0p50__psi0p00,0.084,borrow,57,301,0.0,3,-0.6,-0.6,-0.61200005,1.0645413,0.0,0.08619034,0.0,0.0,0.084,0.0,0.012,0.6,0.6,-27.32807,2.3420377,0.7806792,0.112,0.0,0.15956299,0.0,0.0
hardzero_only__c0p58__z1p00__lam0p000__nu0p50__psi0p00,0.084,borrow,57,302,0.0,3,-0.6,-0.6,-0.61200005,1.0199575,0.0,0.09550858,0.0,0.0,0.084,0.0,0.012,0.6,0.6,-27.40969,2.2439513,0.7479838,0.15200001,0.0,0.14677148,0.0,0.0
hardzero_only__c0p58__z1p00__lam0p000__nu0p50__psi0p00,0.084,borrow,57,303,0.0,3,-0.6,-0.6,-0.6029065,0.9655467,0.108256325,0.108256325,1.0,0.009093531,0.084,0.0,0.012,0.6,0.6,-26.43895,2.1242452,0.7080817,0.16800001,0.0,0.14462885,0.0,0.0
hardzero_only__c0p58__z1p00__lam0p000__nu0p50__psi0p00,0.084,borrow,57,304,0.0,3,-0.6,-0.6,-0.60357964,0.9989463,0.100242905,0.100242905,1.0,0.008420404,0.084,0.0,0.012,0.6,0.6,-27.373022,2.1977258,0.7325753,0.23200001,0.0,0.14906238,0.0,0.0
hardzero_only__c0p58__z1p00__lam0p000__nu0p50__psi0p00,0.084,borrow,57,305,0.0,3,-0.6,-0.6,-0.61200005,1.0059513,0.0,0.09863901,0.0,0.0,0.084,0.0,0.012,0.6,0.6,-27.587206,2.2131371,0.7377124,0.23200001,0.0,0.13682613,0.0,0.0
hardzero_only__c0p58__z1p00__lam0p000__nu0p50__psi0p00,0.084,borrow,57,306,0.0,3,-0.6,-0.6,-0.6032643,0.9829779,0.1039973,0.1039973,1.0,0.008735773,0.084,0.0,0.012,0.6,0.6,-26.780472,2.1625946,0.7208649,0.17600001,0.0,0.14201488,0.0,0.0
hardzero_only__c0p58__z1p00__lam0p000__nu0p50__psi0p00,0.084,borrow,57,307,0.0,3,-0.6,-0.6,-0.60296446,0.9683227,0.10756656,0.10756656,1.0,0.009035591,0.084,0.0,0.012,0.6,0.6,-26.096462,2.1303525,0.7101175,0.120000005,0.0,0.12481581,0.0,0.0
hardzero_only__c0p58__z1p00__lam0p000__nu0p50__psi0p00,0.084,borrow,57,308,0.0,3,-0.6,-0.6,-0.61200005,1.0238947,0.0,0.094646655,0.0,0.0,0.084,0.0,0.012,0.6,0.6,-27.261255,2.2526133,0.7508711,0.120000005,0.0,0.15303518,0.0,0.0
hardzero_only__c0p58__z1p00__lam0p000__nu0p50__psi0p00,0.084,borrow,57,309,0.0,3,-0.6,-0.6,-0.60198957,0.92382485,0.119172245,0.119172245,1.0,0.010010469,0.084,0.0,0.012,0.6,0.6,-25.75228,2.0324552,0.6774851,0.296,0.0,0.14491437,0.0,0.0
hardzero_only__c0p58__z1p00__lam0p000__nu0p50__psi0p00,0.084,borrow,57,310,0.0,3,-0.6,-0.6,-0.6031141,0.9755769,0.10578475,0.10578475,1.0,0.008885919,0.084,0.0,0.012,0.6,0.6,-27.147104,2.146312,0.71543735,0.16000001,0.0,0.17237526,0.0,0.0
hardzero_only__c0p58__z1p00__lam0p000__nu0p50__psi0p00,0.084,borrow,57,311,0.0,3,-0.6,-0.6,-0.61200005,1.0145144,0.0,0.09671314,0.0,0.0,0.084,0.0,0.012,0.6,0.6,-27.597193,2.2319763,0.7439921,0.14400001,0.0,0.16980171,0.0,0.0
hardzero_only__c0p58__z1p00__lam0p000__nu0p50__psi0p00,0.084,borrow,57,312,0.0,3,-0.6,-0.6,-0.6030323,0.9715943,0.10675929,0.10675929,1.0,0.00896778,0.084,0.0,0.012,0.6,0.6,-25.90209,2.13755,0.7125167,0.13,0.0,0.121464364,0.0,0.0
hardzero_only__c0p58__z1p00__lam0p000__nu0p50__psi0p00,0.084,borrow,57,313,0.0,3,-0.6,-0.6,-0.60352224,0.9959955,0.10092632,0.10092632,1.0,0.008477811,0.084,0.0,0.012,0.6,0.6,-26.779198,2.1912339,0.7304113,0.15200001,0.0,0.1489224,0.0,0.0
hardzero_only__c0p58__z1p00__lam0p000__nu0p50__psi0p00,0.084,borrow,57,314,0.0,3,-0.6,-0.6,-0.60266244,0.9540433,0.11116208,0.11116208,1.0,0.009337614,0.084,0.0,0.012,0.6,0.6,-26.02362,2.0989373,0.69964576,0.2,0.0,0.11991402,0.0,0.0
hardzero_only__c0p58__z1p00__lam0p000__nu0p50__psi0p00,0.084,borrow,57,315,0.0,3,-0.6,-0.6,-0.60340065,0.9898119,0.10237363,0.10237363,1.0,0.008599385,0.084,0.0,0.012,0.6,0.6,-26.793133,2.1776297,0.72587657,0.120000005,0.0,0.15273336,0.0,0.0
hardzero_only__c0p58__z1p00__lam0p000__nu0p50__psi0p00,0.084,borrow,57,316,0.0,3,-0.6,-0.6,-0.6029107,0.96574783,0.10820621,0.10820621,1.0,0.009089322,0.084,0.0,0.012,0.6,0.6,-27.301798,2.1246877,0.70822924,0.192,0.008,0.14598453,0.0,0.0
hardzero_only__c0p58__z1p00__lam0p000__nu0p50__psi0p00,0.084,borrow,57,317,0.0,3,-0.6,-0.6,-0.6032023,0.9799076,0.10473513,0.10473513,1.0,0.008797751,0.084,0.0,0.012,0.6,0.6,-26.428255,2.1558397,0.71861327,0.17600001,0.0,0.15443309,0.0,0.0
hardzero_only__c0p58__z1p00__lam0p000__nu0p50__psi0p00,0.084,borrow,57,318,0.0,3,-0.6,-0.6,-0.60334843,0.9871822,0.10299539,0.10299539,1.0,0.008651612,0.084,0.0,0.012,0.6,0.6,-27.183056,2.1718442,0.7239481,0.17600001,0.0,0.12882888,0.0,0.0
hardzero_only__c0p58__z1p00__lam0p000__nu0p50__psi0p00,0.084,borrow,57,319,0.0,3,-0.6,-0.6,-0.60283047,0.9619291,0.109161854,0.109161854,1.0,0.009169595,0.084,0.0,0.012,0.6,0.6,-26.274391,2.1162863,0.7054288,0.128,0.0,0.1346819,0.0,0.0
hardzero_only__c0p58__z1p00__lam0p000__nu0p50__psi0p00,0.084,borrow,57,320,0.0,3,-0.6,-0.6,-0.60304725,0.9723197,0.106581114,0.106581114,1.0,0.008952813,0.084,0.0,0.012,0.6,0.6,-26.481989,2.139146,0.7130487,0.192,0.0,0.14819674,0.0,0.0
hardzero_only__c0p58__z1p00__lam0p000__nu0p50__psi0p00,0.084,borrow,57,321,0.0,3,-0.6,-0.6,-0.6028225,0.96155185,0.10925671,0.10925671,1.0,0.009177564,0.084,0.0,0.012,0.6,0.6,-26.27313,2.1154563,0.70515215,0.16000001,0.0,0.11495603,0.0,0.0
hardzero_only__c0p58__z1p00__lam0p000__nu0p50__psi0p00,0.084,borrow,57,322,0.0,3,-0.6,-0.6,-0.61200005,1.0415847,0.0,0.09086889,0.0,0.0,0.084,0.0,0.012,0.6,0.6,-28.451153,2.2915323,0.76384413,0.136,0.0,0.17106843,0.0,0.0
hardzero_only__c0p58__z1p00__lam0p000__nu0p50__psi0p00,0.084,borrow,57,323,0.0,3,-0.6,-0.6,-0.6026991,0.9557508,0.11072588,0.11072588,1.0,0.009300974,0.084,0.0,0.012,0.6,0.6,-26.698233,2.1026938,0.70089793,0.192,0.0,0.14770423,0.0,0.0
hardzero_only__c0p58__z1p00__lam0p000__nu0p50__psi0p00,0.084,borrow,57,324,0.0,3,-0.6,-0.6,-0.60351247,0.9954942,0.1010429,0.1010429,1.0,0.008487604,0.084,0.0,0.012,0.6,0.6,-27.474792,2.190131,0.73004365,0.192,0.0,0.18626593,0.0,0.0
hardzero_only__c0p58__z1p00__lam0p000__nu0p50__psi0p00,0.084,borrow,57,325,0.0,3,-0.6,-0.6,-0.6031513,0.97739774,0.10534217,0.10534217,1.0,0.008848743,0.084,0.0,0.012,0.6,0.6,-26.495268,2.150318,0.7167727,0.21,0.0,0.13197726,0.0,0.0
hardzero_only__c0p58__z1p00__lam0p000__nu0p50__psi0p00,0.084,borrow,57,326,0.0,3,-0.6,-0.6,-0.60234135,0.93936104,0.11498439,0.11498439,1.0,0.009658689,0.084,0.0,0.012,0.6,0.6,-26.251009,2.0666356,0.68887854,0.18400002,0.0,0.11925436,0.0,0.0
hardzero_only__c0p58__z1p00__lam0p000__nu0p50__psi0p00,0.084,borrow,57,327,0.0,3,-0.6,-0.6,-0.61200005,1.0289593,0.0,0.09354934,0.0,0.0,0.084,0.0,0.012,0.6,0.6,-28.174257,2.2637556,0.7545852,0.16000001,0.0,0.13415477,0.0,0.0
hardzero_only__c0p58__z1p00__lam0p000__nu0p50__psi0p00,0.084,borrow,57,328,0.0,3,-0.6,-0.6,-0.60344267,0.9919387,0.10187352,0.10187352,1.0,0.0085573755,0.084,0.0,0.012,0.6,0.6,-26.636066,2.1823087,0.72743624,0.128,0.0,0.13780943,0.0,0.0
hardzero_only__c0p58__z1p00__lam0p000__nu0p50__psi0p00,0.084,borrow,57,329,0.0,3,-0.6,-0.6,-0.61200005,1.0105232,0.0,0.09760606,0.0,0.0,0.084,0.0,0.012,0.6,0.6,-27.257421,2.2231956,0.7410652,0.208,0.0,0.1714845,0.0,0.0
hardzero_only__c0p58__z1p00__lam0p000__nu0p50__psi0p00,0.084,borrow,57,330,0.0,3,-0.6,-0.6,-0.6022047,0.9332588,0.11661147,0.11661147,1.0,0.009795364,0.084,0.0,0.012,0.6,0.6,-25.998446,2.0532103,0.6844034,0.23200001,0.0,0.15759079,0.0,0.0
hardzero_only__c0p58__z1p00__lam0p000__nu0p50__psi0p00,0.084,borrow,57,331,0.0,3,-0.6,-0.6,-0.6034433,0.99197197,0.10186572,0.10186572,1.0,0.00855672,0.084,0.0,0.012,0.6,0.6,-26.983393,2.1823819,0.7274606,0.17600001,0.0,0.15098996,0.0,0.0
hardzero_only__c0p58__z1p00__lam0p000__nu0p50__psi0p00,0.084,borrow,57,332,0.0,3,-0.6,-0.6,-0.6034574,0.9926866,0.101698235,0.101698235,1.0,0.008542651,0.084,0.0,0.012,0.6,0.6,-26.295801,2.1839542,0.7279848,0.112,0.0,0.12039429,0.0,0.0
hardzero_only__c0p58__z1p00__lam0p000__nu0p50__psi0p00,0.084,borrow,57,333,0.0,3,-0.6,-0.6,-0.61200005,1.0208783,0.0,0.09530632,0.0,0.0,0.084,0.0,0.012,0.6,0.6,-27.817749,2.2459772,0.7486591,0.18400002,0.0,0.16963243,0.0,0.0
hardzero_only__c0p58__z1p00__lam0p000__nu0p50__psi0p00,0.084,borrow,57,334,0.0,3,-0.6,-0.6,-0.6029288,0.96661294,0.107990876,0.107990876,1.0,0.009071234,0.084,0.0,0.012,0.6,0.6,-25.339785,2.126591,0.7088637,0.136,0.0,0.13175063,0.0,0.0
hardzero_only__c0p58__z1p00__lam0p000__nu0p50__psi0p00,0.084,borrow,57,335,0.0,3,-0.6,-0.6,-0.60300493,0.97027177,0.10708491,0.10708491,1.0,0.0089951325,0.084,0.0,0.012,0.6,0.6,-26.405443,2.1346405,0.71154684,0.136,0.0,0.13076095,0.0,0.0
hardzero_only__c0p58__z1p00__lam0p000__nu0p50__psi0p00,0.084,borrow,57,336,0.0,3,-0.6,-0.6,-0.6028525,0.9629754,0.108899176,0.108899176,1.0,0.00914753,0.084,0.0,0.012,0.6,0.6,-26.36538,2.1185882,0.70619607,0.18400002,0.0,0.13672166,0.0,0.0
hardzero_only__c0p58__z1p00__lam0p000__nu0p50__psi0p00,0.084,borrow,57,337,0.0,3,-0.6,-0.6,-0.61200005,1.0205551,0.0,0.09537727,0.0,0.0,0.084,0.0,0.012,0.6,0.6,-26.695225,2.2452662,0.7484221,0.136,0.0,0.14863543,0.0,0.0
hardzero_only__c0p58__z1p00__lam0p000__nu0p50__psi0p00,0.084,borrow,57,338,0.0,3,-0.6,-0.6,-0.61200005,1.0012977,0.0,0.099701636,0.0,0.0,0.084,0.0,0.012,0.6,0.6,-26.606178,2.202899,0.73429966,0.089999996,0.0,0.12023145,0.0,0.0
hardzero_only__c0p58__z1p00__lam0p000__nu0p50__psi0p00,0.084,borrow,57,339,0.0,3,-0.6,-0.6,-0.60324764,0.9821521,0.10419523,0.10419523,1.0,0.008752399,0.084,0.0,0.012,0.6,0.6,-26.649418,2.1607778,0.7202593,0.192,0.0,0.13608925,0.0,0.0
hardzero_only__c0p58__z1p00__lam0p000__nu0p50__psi0p00,0.084,borrow,57,340,0.0,3,-0.6,-0.6,-0.60356075,0.9979713,0.100468226,0.100468226,1.0,0.008439331,0.084,0.0,0.012,0.6,0.6,-27.984766,2.1955807,0.7318603,0.120000005,0.0,0.14079277,0.0,0.0
hardzero_only__c0p58__z1p00__lam0p000__nu0p50__psi0p00,0.084,borrow,57,341,0.0,3,-0.6,-0.6,-0.6031742,0.97852194,0.105069846,0.105069846,1.0,0.0088258665,0.084,0.0,0.012,0.6,0.6,-26.936869,2.1527913,0.7175971,0.16000001,0.0,0.14042689,0.0,0.0
hardzero_only__c0p58__z1p00__lam0p000__nu0p50__psi0p00,0.084,borrow,57,342,0.0,3,-0.6,-0.6,-0.6028258,0.96171075,0.10921676,0.10921676,1.0,0.009174207,0.084,0.0,0.012,0.6,0.6,-26.553217,2.1158059,0.7052686,0.17600001,0.0,0.13011831,0.0,0.0
hardzero_only__c0p58__z1p00__lam0p000__nu0p50__psi0p00,0.084,borrow,57,343,0.0,3,-0.6,-0.6,-0.61200005,1.0175986,0.0,0.09602877,0.0,0.0,0.084,0.0,0.012,0.6,0.6,-27.23171,2.2387617,0.7462539,0.128,0.0,0.13536936,0.0,0.0
hardzero_only__c0p58__z1p00__lam0p000__nu0p50__psi0p00,0.084,borrow,57,344,0.0,3,-0.6,-0.6,-0.6023939,0.94173145,0.11435854,0.11435854,1.0,0.009606117,0.084,0.0,0.012,0.6,0.6,-25.930986,2.0718505,0.69061685,0.216,0.0,0.1364696,0.0,0.0
hardzero_only__c0p58__z1p00__lam0p000__nu0p50__psi0p00,0.084,borrow,57,345,0.0,3,-0.6,-0.6,-0.61200005,1.0267905,0.0,0.09401766,0.0,0.0,0.084,0.0,0.012,0.6,0.6,-27.983284,2.2589843,0.7529948,0.120000005,0.0,0.14489755,0.0,0.0
hardzero_only__c0p58__z1p00__lam0p000__nu0p50__psi0p00,0.084,borrow,57,346,0.0,3,-0.6,-0.6,-0.61200005,1.028446,0.0,0.09365997,0.0,0.0,0.084,0.0,0.012,0.6,0.6,-27.401333,2.2626262,0.75420874,0.17600001,0.008,0.14967418,0.0,0.0
hardzero_only__c0p58__z1p00__lam0p000__nu0p50__psi0p00,0.084,borrow,57,347,0.0,3,-0.6,-0.6,-0.61200005,1.0127201,0.0,0.09711355,0.0,0.0,0.084,0.0,0.012,0.6,0.6,-27.502377,2.2280288,0.74267626,0.15200001,0.0,0.12884344,0.0,0.0
hardzero_only__c0p58__z1p00__lam0p000__nu0p50__psi0p00,0.084,borrow,57,348,0.0,3,-0.6,-0.6,-0.60358274,0.99910647,0.10020597,0.10020597,1.0,0.008417302,0.084,0.0,0.012,0.6,0.6,-26.955498,2.1980782,0.7326927,0.14400001,0.008,0.14041904,0.0,0.0
hardzero_only__c0p58__z1p00__lam0p000__nu0p50__psi0p00,0.084,borrow,57,349,0.0,3,-0.6,-0.6,-0.60317045,0.9783381,0.105114326,0.105114326,1.0,0.008829603,0.084,0.0,0.012,0.6,0.6,-26.253662,2.152387,0.7174623,0.15200001,0.0,0.12092781,0.0,0.0
hardzero_only__c0p58__z1p00__lam0p000__nu0p50__psi0p00,0.084,borrow,57,350,0.0,3,-0.6,-0.6,-0.60234064,0.9393275,0.114993304,0.114993304,1.0,0.009659437,0.084,0.0,0.012,0.6,0.6,-26.350927,2.0665617,0.6888539,0.264,0.0,0.14604248,0.0,0.0
hardzero_only__c0p58__z1p00__lam0p000__nu0p50__psi0p00,0.084,borrow,57,351,0.0,3,-0.6,-0.6,-0.61200005,1.0490714,0.0,0.089315854,0.0,0.0,0.084,0.0,0.012,0.6,0.6,-28.27091,2.3080032,0.76933444,0.14999999,0.0,0.18415152,0.0,0.0
hardzero_only__c0p58__z1p00__lam0p000__nu0p50__psi0p00,0.084,borrow,57,352,0.0,3,-0.6,-0.6,-0.61200005,1.0398858,0.0,0.09122508,0.0,0.0,0.084,0.0,0.012,0.6,0.6,-27.649673,2.2877944,0.76259816,0.16800001,0.0,0.15833728,0.0,0.0
hardzero_only__c0p58__z1p00__lam0p000__nu0p50__psi0p00,0.084,borrow,57,353,0.0,3,-0.6,-0.6,-0.6026485,0.9533967,0.11132772,0.11132772,1.0,0.009351528,0.084,0.0,0.012,0.6,0.6,-25.361792,2.0975146,0.69917154,0.2,0.0,0.13554312,0.0,0.0
hardzero_only__c0p58__z1p00__lam0p000__nu0p50__psi0p00,0.084,borrow,57,354,0.0,3,-0.6,-0.6,-0.61200005,1.0022452,0.0,0.09948437,0.0,0.0,0.084,0.0,0.012,0.6,0.6,-27.272453,2.2049835,0.73499453,0.136,0.0,0.12110697,0.0,0.0
hardzero_only__c0p58__z1p00__lam0p000__nu0p50__psi0p00,0.084,borrow,57,355,0.0,3,-0.6,-0.6,-0.61200005,1.0233105,0.0,0.09477405,0.0,0.0,0.084,0.0,0.012,0.6,0.6,-26.92673,2.2513282,0.75044274,0.192,0.0,0.13268147,0.0,0.0
hardzero_only__c0p58__z1p00__lam0p000__nu0p50__psi0p00,0.084,borrow,57,356,0.0,3,-0.6,-0.6,-0.61200005,1.0479851,0.0,0.089539565,0.0,0.0,0.084,0.0,0.012,0.6,0.6,-28.043867,2.3056133,0.76853776,0.096,0.0,0.14768262,0.0,0.0
hardzero_only__c0p58__z1p00__lam0p000__nu0p50__psi0p00,0.084,borrow,57,357,0.0,3,-0.6,-0.6,-0.60247153,0.9452541,0.113434695,0.113434695,1.0,0.009528514,0.084,0.0,0.012,0.6,0.6,-26.836542,2.0796006,0.69320023,0.16800001,0.0,0.1512451,0.0,0.0
hardzero_only__c0p58__z1p00__lam0p000__nu0p50__psi0p00,0.084,borrow,57,358,0.0,3,-0.6,-0.6,-0.61200005,1.0399361,0.0,0.091214515,0.0,0.0,0.084,0.0,0.012,0.6,0.6,-27.115755,2.287905,0.762635,0.128,0.0,0.14320105,0.0,0.0
hardzero_only__c0p58__z1p00__lam0p000__nu0p50__psi0p00,0.084,borrow,57,359,0.0,3,-0.6,-0.6,-0.61200005,1.0241293,0.0,0.09459556,0.0,0.0,0.084,0.0,0.012,0.6,0.6,-26.943716,2.2531295,0.7510432,0.128,0.0,0.14980084,0.0,0.0
hardzero_only__c0p58__z1p00__lam0p000__nu0p50__psi0p00,0.084,borrow,57,360,0.0,3,-0.6,-0.6,-0.6021201,0.9295248,0.117618375,0.117618375,1.0,0.009879943,0.084,0.0,0.012,0.6,0.6,-26.139597,2.0449953,0.6816651,0.192,0.0,0.11336647,0.0,0.0
hardzero_only__c0p58__z1p00__lam0p000__nu0p50__psi0p00,0.084,borrow,57,361,0.0,3,-0.6,-0.6,-0.61200005,1.0037143,0.0,0.09914839,0.0,0.0,0.084,0.0,0.012,0.6,0.6,-26.21748,2.2082155,0.7360718,0.192,0.0,0.13660543,0.0,0.0
hardzero_only__c0p58__z1p00__lam0p000__nu0p50__psi0p00,0.084,borrow,57,362,0.0,3,-0.6,-0.6,-0.61200005,1.0014038,0.0,0.09967727,0.0,0.0,0.084,0.0,0.012,0.6,0.6,-27.051645,2.2031324,0.7343775,0.17600001,0.0,0.1352828,0.0,0.0
hardzero_only__c0p58__z1p00__lam0p000__nu0p50__psi0p00,0.084,borrow,57,363,0.0,3,-0.6,-0.6,-0.61200005,1.025966,0.0,0.094196334,0.0,0.0,0.084,0.0,0.012,0.6,0.6,-27.845224,2.2571704,0.75239015,0.15200001,0.0,0.16557898,0.0,0.0
hardzero_only__c0p58__z1p00__lam0p000__nu0p50__psi0p00,0.084,borrow,57,364,0.0,3,-0.6,-0.6,-0.6030472,0.9723181,0.10658152,0.10658152,1.0,0.008952848,0.084,0.0,0.012,0.6,0.6,-26.685696,2.1391425,0.7130475,0.13,0.0,0.12508373,0.0,0.0
hardzero_only__c0p58__z1p00__lam0p000__nu0p50__psi0p00,0.084,borrow,57,365,0.0,3,-0.6,-0.6,-0.61200005,1.0060729,0.0,0.09861141,0.0,0.0,0.084,0.0,0.012,0.6,0.6,-26.526268,2.2134047,0.73780155,0.17600001,0.0,0.14597438,0.0,0.0
hardzero_only__c0p58__z1p00__lam0p000__nu0p50__psi0p00,0.084,borrow,57,366,0.0,3,-0.6,-0.6,-0.6027672,0.9589437,0.10991483,0.10991483,1.0,0.009232846,0.084,0.0,0.012,0.6,0.6,-26.011623,2.1097183,0.70323944,0.208,0.0,0.14261843,0.0,0.0
hardzero_only__c0p58__z1p00__lam0p000__nu0p50__psi0p00,0.084,borrow,57,367,0.0,3,-0.6,-0.6,-0.6031524,0.9774507,0.105329305,0.105329305,1.0,0.008847661,0.084,0.0,0.012,0.6,0.6,-26.440445,2.1504345,0.71681154,0.15200001,0.0,0.15766263,0.0,0.0
hardzero_only__c0p58__z1p00__lam0p000__nu0p50__psi0p00,0.084,borrow,57,368,0.0,3,-0.6,-0.6,-0.6033509,0.98730433,0.10296644,0.10296644,1.0,0.008649181,0.084,0.0,0.012,0.6,0.6,-26.475557,2.172113,0.72403765,0.096,0.0,0.1396947,0.0,0.0
hardzero_only__c0p58__z1p00__lam0p000__nu0p50__psi0p00,0.084,borrow,57,369,0.0,3,-0.6,-0.6,-0.6032688,0.98320377,0.103943236,0.103943236,1.0,0.008731232,0.084,0.0,0.012,0.6,0.6,-26.664726,2.1630914,0.7210305,0.112,0.0,0.14428574,0.0,0.0
hardzero_only__c0p58__z1p00__lam0p000__nu0p50__psi0p00,0.084,borrow,57,370,0.0,3,-0.6,-0.6,-0.61200005,1.0048157,0.0,0.09889726,0.0,0.0,0.084,0.0,0.012,0.6,0.6,-26.974876,2.2106388,0.7368796,0.16000001,0.0,0.15371498,0.0,0.0
hardzero_only__c0p58__z1p00__lam0p000__nu0p50__psi0p00,0.084,borrow,57,371,0.0,3,-0.6,-0.6,-0.61200005,1.0064498,0.0,0.09852584,0.0,0.0,0.084,0.0,0.012,0.6,0.6,-26.135603,2.2142339,0.738078,0.14400001,0.0,0.12707484,0.0,0.0
hardzero_only__c0p58__z1p00__lam0p000__nu0p50__psi0p00,0.084,borrow,57,372,0.0,3,-0.6,-0.6,-0.60267377,0.9545705,0.11102724,0.11102724,1.0,0.0093262885,0.084,0.0,0.012,0.6,0.6,-25.70406,2.100097,0.70003235,0.16800001,0.0,0.12346568,0.0,0.0
hardzero_only__c0p58__z1p00__lam0p000__nu0p50__psi0p00,0.084,borrow,57,373,0.0,3,-0.6,-0.6,-0.61200005,1.0363871,0.0,0.091962956,0.0,0.0,0.084,0.0,0.012,0.6,0.6,-28.31381,2.2800972,0.7600324,0.16800001,0.0,0.16344413,0.0,0.0
hardzero_only__c0p58__z1p00__lam0p000__nu0p50__psi0p00,0.084,borrow,57,374,0.0,3,-0.6,-0.6,-0.60359156,0.9995629,0.10010069,0.10010069,1.0,0.008408458,0.084,0.0,0.012,0.6,0.6,-26.366274,2.1990824,0.73302746,0.24000001,0.0,0.12283075,0.0,0.0
hardzero_only__c0p58__z1p00__lam0p000__nu0p50__psi0p00,0.084,borrow,57,375,0.0,3,-0.6,-0.6,-0.602946,0.96743643,0.10778631,0.10778631,1.0,0.00905405,0.084,0.0,0.012,0.6,0.6,-26.33312,2.1284027,0.7094676,0.14400001,0.0,0.11744657,0.0,0.0
hardzero_only__c0p58__z1p00__lam0p000__nu0p50__psi0p00,0.084,borrow,57,376,0.0,3,-0.6,-0.6,-0.61200005,1.0321597,0.0,0.09286248,0.0,0.0,0.084,0.0,0.012,0.6,0.6,-28.060307,2.2707965,0.7569322,0.14400001,0.0,0.12816286,0.0,0.0
hardzero_only__c0p58__z1p00__lam0p000__nu0p50__psi0p00,0.084,borrow,57,377,0.0,3,-0.6,-0.6,-0.61200005,1.0390257,0.0,0.09140591,0.0,0.0,0.084,0.0,0.012,0.6,0.6,-28.765097,2.285902,0.76196736,0.19999999,0.0,0.13750167,0.0,0.0
hardzero_only__c0p58__z1p00__lam0p000__nu0p50__psi0p00,0.084,borrow,57,378,0.0,3,-0.6,-0.6,-0.60342115,0.9908472,0.10212989,0.10212989,1.0,0.0085789105,0.084,0.0,0.012,0.6,0.6,-26.766148,2.1799073,0.7266358,0.17600001,0.0,0.12240199,0.0,0.0
hardzero_only__c0p58__z1p00__lam0p000__nu0p50__psi0p00,0.084,borrow,57,379,0.0,3,-0.6,-0.6,-0.6029014,0.9653017,0.10831741,0.10831741,1.0,0.009098662,0.084,0.0,0.012,0.6,0.6,-25.67873,2.123706,0.7079021,0.14400001,0.0,0.11623989,0.0,0.0
hardzero_only__c0p58__z1p00__lam0p000__nu0p50__psi0p00,0.084,borrow,57,380,0.0,3,-0.6,-0.6,-0.60278624,0.959839,0.109688476,0.109688476,1.0,0.009213832,0.084,0.0,0.012,0.6,0.6,-25.782204,2.111688,0.703896,0.18400002,0.0,0.13318937,0.0,0.0
hardzero_only__c0p58__z1p00__lam0p000__nu0p50__psi0p00,0.084,borrow,57,381,0.0,3,-0.6,-0.6,-0.60294676,0.9674731,0.10777721,0.10777721,1.0,0.009053285,0.084,0.0,0.012,0.6,0.6,-27.343372,2.1284833,0.7094945,0.224,0.0,0.13417412,0.0,0.0
hardzero_only__c0p58__z1p00__lam0p000__nu0p50__psi0p00,0.084,borrow,57,382,0.0,3,-0.6,-0.6,-0.61200005,1.020207,0.0,0.09545375,0.0,0.0,0.084,0.0,0.012,0.6,0.6,-27.184027,2.2445004,0.7481668,0.128,0.0,0.14586864,0.0,0.0
hardzero_only__c0p58__z1p00__lam0p000__nu0p50__psi0p00,0.084,borrow,57,383,0.0,3,-0.6,-0.6,-0.60288376,0.9644614,0.108527206,0.108527206,1.0,0.0091162855,0.084,0.0,0.012,0.6,0.6,-26.179459,2.1218574,0.7072858,0.17600001,0.0,0.15199304,0.0,0.0
hardzero_only__c0p58__z1p00__lam0p000__nu0p50__psi0p00,0.084,borrow,57,384,0.0,3,-0.6,-0.6,-0.61200005,1.0020432,0.0,0.09953063,0.0,0.0,0.084,0.0,0.012,0.6,0.6,-26.48072,2.204539,0.73484635,0.15200001,0.0,0.14938147,0.0,0.0
hardzero_only__c0p58__z1p00__lam0p000__nu0p50__psi0p00,0.084,borrow,57,385,0.0,3,-0.6,-0.6,-0.61200005,1.0035605,0.0,0.0991835,0.0,0.0,0.084,0.0,0.012,0.6,0.6,-27.480572,2.2078772,0.73595905,0.18400002,0.0,0.13021934,0.0,0.0
hardzero_only__c0p58__z1p00__lam0p000__nu0p50__psi0p00,0.084,borrow,57,386,0.0,3,-0.6,-0.6,-0.60277486,0.9593033,0.10982385,0.10982385,1.0,0.009225204,0.084,0.0,0.012,0.6,0.6,-26.207087,2.1105094,0.70350313,0.18400002,0.0,0.12487774,0.0,0.0
hardzero_only__c0p58__z1p00__lam0p000__nu0p50__psi0p00,0.084,borrow,57,387,0.0,3,-0.6,-0.6,-0.61200005,1.0061606,0.0,0.09859147,0.0,0.0,0.084,0.0,0.012,0.6,0.6,-27.30477,2.2135975,0.73786587,0.16000001,0.0,0.15885516,0.0,0.0
hardzero_only__c0p58__z1p00__lam0p000__nu0p50__psi0p00,0.084,borrow,57,388,0.0,3,-0.6,-0.6,-0.61200005,1.0007741,0.0,0.09982191,0.0,0.0,0.084,0.0,0.012,0.6,0.6,-26.947412,2.2017472,0.73391575,0.15200001,0.0,0.14696455,0.0,0.0
hardzero_only__c0p58__z1p00__lam0p000__nu0p50__psi0p00,0.084,borrow,57,389,0.0,3,-0.6,-0.6,-0.61200005,1.0044504,0.0,0.09898049,0.0,0.0,0.084,0.0,0.012,0.6,0.6,-26.492039,2.209835,0.7366117,0.112,0.0,0.14572558,0.0,0.0
hardzero_only__c0p58__z1p00__lam0p000__nu0p50__psi0p00,0.084,borrow,57,390,0.0,3,-0.6,-0.6,-0.60340023,0.9897896,0.102378875,0.102378875,1.0,0.008599825,0.084,0.0,0.012,0.6,0.6,-25.80935,2.1775806,0.72586024,0.17999999,0.0,0.13430424,0.0,0.0
hardzero_only__c0p58__z1p00__lam0p000__nu0p50__psi0p00,0.084,borrow,57,391,0.0,3,-0.6,-0.6,-0.60307163,0.97350466,0.10629071,0.10629071,1.0,0.00892842,0.084,0.0,0.012,0.6,0.6,-26.559345,2.141753,0.7139177,0.120000005,0.0,0.12656227,0.0,0.0
hardzero_only__c0p58__z1p00__lam0p000__nu0p50__psi0p00,0.084,borrow,57,392,0.0,3,-0.6,-0.6,-0.61200005,1.0141976,0.0,0.096783735,0.0,0.0,0.084,0.0,0.012,0.6,0.6,-27.858498,2.2312794,0.7437598,0.208,0.0,0.15083797,0.0,0.0
hardzero_only__c0p58__z1p00__lam0p000__nu0p50__psi0p00,0.084,borrow,57,393,0.0,3,-0.6,-0.6,-0.60213995,0.93039787,0.117382154,0.117382154,1.0,0.009860101,0.084,0.0,0.012,0.6,0.6,-26.08385,2.0469162,0.68230546,0.15200001,0.0,0.13182873,0.0,0.0
hardzero_only__c0p58__z1p00__lam0p000__nu0p50__psi0p00,0.084,borrow,57,394,0.0,3,-0.6,-0.6,-0.61200005,1.0122895,0.0,0.0972099,0.0,0.0,0.084,0.0,0.012,0.6,0.6,-27.454653,2.2270815,0.74236053,0.216,0.0,0.18960345,0.0,0.0
hardzero_only__c0p58__z1p00__lam0p000__nu0p50__psi0p00,0.084,borrow,57,395,0.0,3,-0.6,-0.6,-0.6034209,0.9908363,0.10213242,0.10213242,1.0,0.008579123,0.084,0.0,0.012,0.6,0.6,-26.9297,2.1798835,0.7266278,0.224,0.0,0.15052705,0.0,0.0
hardzero_only__c0p58__z1p00__lam0p000__nu0p50__psi0p00,0.084,borrow,57,396,0.0,3,-0.6,-0.6,-0.6016328,0.9086154,0.123419724,0.123419724,1.0,0.010367257,0.084,0.0,0.012,0.6,0.6,-24.429567,1.9989939,0.6663313,0.24000001,0.0,0.12425958,0.0,0.0
hardzero_only__c0p58__z1p00__lam0p000__nu0p50__psi0p00,0.084,borrow,57,397,0.0,3,-0.6,-0.6,-0.60355806,0.9978338,0.10050004,0.10050004,1.0,0.008442003,0.084,0.0,0.012,0.6,0.6,-27.252586,2.1952782,0.7317594,0.17600001,0.0,0.13701057,0.0,0.0
hardzero_only__c0p58__z1p00__lam0p000__nu0p50__psi0p00,0.084,borrow,57,398,0.0,3,-0.6,-0.6,-0.6027193,0.9566956,0.11048528,0.11048528,1.0,0.009280764,0.084,0.0,0.012,0.6,0.6,-26.900293,2.1047723,0.7015908,0.15200001,0.0,0.14697114,0.0,0.0
hardzero_only__c0p58__z1p00__lam0p000__nu0p50__psi0p00,0.084,borrow,57,399,0.0,3,-0.6,-0.6,-0.6034779,0.9937309,0.101453975,0.101453975,1.0,0.008522133,0.084,0.0,0.012,0.6,0.6,-26.733662,2.1862516,0.7287506,0.16800001,0.0,0.14982176,0.0,0.0
hardzero_only__c0p58__z1p00__lam0p000__nu0p50__psi0p00,0.084,borrow,57,400,0.0,3,-0.6,-0.6,-0.61200005,1.0343201,0.0,0.092401676,0.0,0.0,0.084,0.0,0.012,0.6,0.6,-27.810995,2.2755497,0.75851655,0.120000005,0.0,0.15856792,0.0,0.0
hardzero_only__c0p58__z1p00__lam0p000__nu0p50__psi0p00,0.084,borrow,57,401,0.0,3,-0.6,-0.6,-0.61200005,1.0089831,0.0,0.09795279,0.0,0.0,0.084,0.0,0.012,0.6,0.6,-26.855831,2.2198071,0.73993576,0.2,0.008,0.13888532,0.0,0.0
hardzero_only__c0p58__z1p00__lam0p000__nu0p50__psi0p00,0.084,borrow,57,402,0.0,3,-0.6,-0.6,-0.60317206,0.97841626,0.105095394,0.105095394,1.0,0.008828013,0.084,0.0,0.012,0.6,0.6,-26.595095,2.1525588,0.71751964,0.14400001,0.0,0.14421774,0.0,0.0
hardzero_only__c0p58__z1p00__lam0p000__nu0p50__psi0p00,0.084,borrow,57,403,0.0,3,-0.6,-0.6,-0.61200005,1.0040499,0.0,0.0990718,0.0,0.0,0.084,0.0,0.012,0.6,0.6,-27.07058,2.2089539,0.736318,0.13,0.0,0.14534399,0.0,0.0
hardzero_only__c0p58__z1p00__lam0p000__nu0p50__psi0p00,0.084,borrow,57,404,0.0,3,-0.6,-0.6,-0.60324186,0.9818665,0.10426379,0.10426379,1.0,0.008758158,0.084,0.0,0.012,0.6,0.6,-26.458998,2.1601493,0.7200498,0.16000001,0.0,0.13025,0.0,0.0
hardzero_only__c0p58__z1p00__lam0p000__nu0p50__psi0p00,0.084,borrow,57,405,0.0,3,-0.6,-0.6,-0.60217094,0.9317648,0.11701329,0.11701329,1.0,0.009829116,0.084,0.0,0.012,0.6,0.6,-25.799501,2.0499234,0.6833078,0.216,0.0,0.14099486,0.0,0.0
hardzero_only__c0p58__z1p00__lam0p000__nu0p50__psi0p00,0.084,borrow,57,406,0.0,3,-0.6,-0.6,-0.61200005,1.0203598,0.0,0.09542018,0.0,0.0,0.084,0.0,0.012,0.6,0.6,-27.778759,2.2448363,0.7482788,0.128,0.0,0.14683054,0.0,0.0
hardzero_only__c0p58__z1p00__lam0p000__nu0p50__psi0p00,0.084,borrow,57,407,0.0,3,-0.6,-0.6,-0.60293955,0.96712726,0.107863046,0.107863046,1.0,0.0090604955,0.084,0.0,0.012,0.6,0.6,-26.825855,2.1277225,0.70924085,0.18400002,0.0,0.12823926,0.0,0.0
hardzero_only__c0p58__z1p00__lam0p000__nu0p50__psi0p00,0.084,borrow,57,408,0.0,3,-0.6,-0.6,-0.61200005,1.050454,0.0,0.089031965,0.0,0.0,0.084,0.0,0.012,0.6,0.6,-28.16188,2.311045,0.7703483,0.120000005,0.0,0.1691358,0.0,0.0
hardzero_only__c0p58__z1p00__lam0p000__nu0p50__psi0p00,0.084,borrow,57,409,0.0,3,-0.6,-0.6,-0.60328674,0.9840964,0.103729814,0.103729814,1.0,0.008713304,0.084,0.0,0.012,0.6,0.6,-26.021957,2.1650553,0.7216851,0.17600001,0.0,0.117633775,0.0,0.0
hardzero_only__c0p58__z1p00__lam0p000__nu0p50__psi0p00,0.084,borrow,57,410,0.0,3,-0.6,-0.6,-0.61200005,1.0165673,0.0,0.096257076,0.0,0.0,0.084,0.0,0.012,0.6,0.6,-27.213394,2.2364929,0.74549764,0.16000001,0.0,0.15141031,0.0,0.0
hardzero_only__c0p58__z1p00__lam0p000__nu0p50__psi0p00,0.084,borrow,57,411,0.0,3,-0.6,-0.6,-0.6024885,0.9460293,0.11323239,0.11323239,1.0,0.00951152,0.084,0.0,0.012,0.6,0.6,-25.463758,2.081306,0.6937687,0.192,0.0,0.12822364,0.0,0.0
hardzero_only__c0p58__z1p00__lam0p000__nu0p50__psi0p00,0.084,borrow,57,412,0.0,3,-0.6,-0.6,-0.60300314,0.9701848,0.10710633,0.10710633,1.0,0.008996932,0.084,0.0,0.012,0.6,0.6,-27.146889,2.1344492,0.7114831,0.23200001,0.0,0.15017256,0.0,0.0
hardzero_only__c0p58__z1p00__lam0p000__nu0p50__psi0p00,0.084,borrow,57,413,0.0,3,-0.6,-0.6,-0.61200005,1.056895,0.0,0.08772129,0.0,0.0,0.084,0.0,0.012,0.6,0.6,-27.641071,2.3252156,0.77507186,0.14400001,0.0,0.14403006,0.0,0.0
hardzero_only__c0p58__z1p00__lam0p000__nu0p50__psi0p00,0.084,borrow,57,414,0.0,3,-0.6,-0.6,-0.60349536,0.9946221,0.10124599,0.10124599,1.0,0.008504664,0.084,0.0,0.012,0.6,0.6,-26.965689,2.1882124,0.72940415,0.16800001,0.0,0.14215441,0.0,0.0
hardzero_only__c0p58__z1p00__lam0p000__nu0p50__psi0p00,0.084,borrow,57,415,0.0,3,-0.6,-0.6,-0.6033919,0.98936856,0.10247819,0.10247819,1.0,0.008608168,0.084,0.0,0.012,0.6,0.6,-26.327232,2.1766543,0.7255515,0.15200001,0.0,0.15576461,0.0,0.0
hardzero_only__c0p58__z1p00__lam0p000__nu0p50__psi0p00,0.084,borrow,57,416,0.0,3,-0.6,-0.6,-0.61200005,1.0296276,0.0,0.09340551,0.0,0.0,0.084,0.0,0.012,0.6,0.6,-28.68514,2.265226,0.75507534,0.11,0.0,0.19392082,0.0,0.0
hardzero_only__c0p58__z1p00__lam0p000__nu0p50__psi0p00,0.084,borrow,57,417,0.0,3,-0.6,-0.6,-0.61200005,1.043687,0.0,0.090430096,0.0,0.0,0.084,0.0,0.012,0.6,0.6,-26.88468,2.2961571,0.76538575,0.136,0.0,0.1526685,0.0,0.0
hardzero_only__c0p58__z1p00__lam0p000__nu0p50__psi0p00,0.084,borrow,57,418,0.0,3,-0.6,-0.6,-0.6035347,0.9966336,0.10077815,0.10077815,1.0,0.008465365,0.084,0.0,0.012,0.6,0.6,-26.739433,2.1926377,0.73087925,0.120000005,0.0,0.13765498,0.0,0.0
hardzero_only__c0p58__z1p00__lam0p000__nu0p50__psi0p00,0.084,borrow,57,419,0.0,3,-0.6,-0.6,-0.61200005,1.0294316,0.0,0.09344765,0.0,0.0,0.084,0.0,0.012,0.6,0.6,-27.018215,2.2647946,0.75493157,0.112,0.0,0.14019847,0.0,0.0
hardzero_only__c0p58__z1p00__lam0p000__nu0p50__psi0p00,0.084,borrow,57,420,0.0,3,-0.6,-0.6,-0.61200005,1.0067583,0.0,0.09845588,0.0,0.0,0.084,0.0,0.012,0.6,0.6,-26.641476,2.2149127,0.73830426,0.14400001,0.0,0.15214422,0.0,0.0
hardzero_only__c0p58__z1p00__lam0p000__nu0p50__psi0p00,0.084,borrow,57,421,0.0,3,-0.6,-0.6,-0.60294604,0.96743786,0.10778595,0.10778595,1.0,0.009054019,0.084,0.0,0.012,0.6,0.6,-26.050886,2.1284058,0.7094686,0.18400002,0.0,0.13901621,0.0,0.0
hardzero_only__c0p58__z1p00__lam0p000__nu0p50__psi0p00,0.084,borrow,57,422,0.0,3,-0.6,-0.6,-0.6034897,0.9943329,0.10131344,0.10131344,1.0,0.008510329,0.084,0.0,0.012,0.6,0.6,-26.977278,2.187576,0.729192,0.16000001,0.0,0.16438678,0.0,0.0
hardzero_only__c0p58__z1p00__lam0p000__nu0p50__psi0p00,0.084,borrow,57,423,0.0,3,-0.6,-0.6,-0.61200005,1.0125262,0.0,0.09715695,0.0,0.0,0.084,0.0,0.012,0.6,0.6,-27.151693,2.227602,0.74253404,0.16000001,0.0,0.16336548,0.0,0.0
hardzero_only__c0p58__z1p00__lam0p000__nu0p50__psi0p00,0.084,borrow,57,424,0.0,3,-0.6,-0.6,-0.61200005,1.0086614,0.0,0.098025404,0.0,0.0,0.084,0.0,0.012,0.6,0.6,-27.977642,2.2190993,0.7396998,0.128,0.0,0.16664886,0.0,0.0
hardzero_only__c0p58__z1p00__lam0p000__nu0p50__psi0p00,0.084,borrow,57,425,0.0,3,-0.6,-0.6,-0.6030704,0.9734444,0.10630546,0.10630546,1.0,0.008929659,0.084,0.0,0.012,0.6,0.6,-25.578259,2.1416204,0.7138735,0.104,0.0,0.1345316,0.0,0.0
hardzero_only__c0p58__z1p00__lam0p000__nu0p50__psi0p00,0.084,borrow,57,426,0.0,3,-0.6,-0.6,-0.6032566,0.9825947,0.1040891,0.1040891,1.0,0.0087434845,0.084,0.0,0.012,0.6,0.6,-27.28067,2.1617515,0.72058386,0.15200001,0.0,0.13671486,0.0,0.0
hardzero_only__c0p58__z1p00__lam0p000__nu0p50__psi0p00,0.084,borrow,57,427,0.0,3,-0.6,-0.6,-0.6026521,0.95356053,0.11128572,0.11128572,1.0,0.009348,0.084,0.0,0.012,0.6,0.6,-26.342064,2.097875,0.6992917,0.192,0.0,0.1454102,0.0,0.0
hardzero_only__c0p58__z1p00__lam0p000__nu0p50__psi0p00,0.084,borrow,57,428,0.0,3,-0.6,-0.6,-0.61200005,1.0201231,0.0,0.09547218,0.0,0.0,0.084,0.0,0.012,0.6,0.6,-27.034592,2.2443156,0.7481052,0.15200001,0.0,0.11876015,0.0,0.0
hardzero_only__c0p58__z1p00__lam0p000__nu0p50__psi0p00,0.084,borrow,57,429,0.0,3,-0.6,-0.6,-0.603395,0.98952484,0.1024413,0.1024413,1.0,0.0086050695,0.084,0.0,0.012,0.6,0.6,-26.779726,2.1769981,0.72566605,0.22999999,0.0,0.1405764,0.0,0.0
hardzero_only__c0p58__z1p00__lam0p000__nu0p50__psi0p00,0.084,borrow,57,430,0.0,3,-0.6,-0.6,-0.61200005,1.0317094,0.0,0.0929588,0.0,0.0,0.084,0.0,0.012,0.6,0.6,-27.322,2.2698061,0.75660205,0.15200001,0.0,0.16667399,0.0,0.0
hardzero_only__c0p58__z1p00__lam0p000__nu0p50__psi0p00,0.084,borrow,57,431,0.0,3,-0.6,-0.6,-0.60345995,0.99281657,0.1016678,0.1016678,1.0,0.008540095,0.084,0.0,0.012,0.6,0.6,-27.689919,2.18424,0.72808003,0.216,0.0,0.1317893,0.0,0.0
hardzero_only__c0p58__z1p00__lam0p000__nu0p50__psi0p00,0.084,borrow,57,432,0.0,3,-0.6,-0.6,-0.6028738,0.9639868,0.108645864,0.108645864,1.0,0.0091262525,0.084,0.0,0.012,0.6,0.6,-26.496927,2.1208134,0.7069378,0.216,0.0,0.13591838,0.0,0.0
hardzero_only__c0p58__z1p00__lam0p000__nu0p50__psi0p00,0.084,borrow,57,433,0.0,3,-0.6,-0.6,-0.60299087,0.96959364,0.10725224,0.10725224,1.0,0.009009188,0.084,0.0,0.012,0.6,0.6,-26.636162,2.1331487,0.71104956,0.15200001,0.0,0.1312643,0.0,0.0
hardzero_only__c0p58__z1p00__lam0p000__nu0p50__psi0p00,0.084,borrow,57,434,0.0,3,-0.6,-0.6,-0.6031026,0.97501487,0.105921745,0.105921745,1.0,0.008897427,0.084,0.0,0.012,0.6,0.6,-26.255959,2.1450756,0.7150252,0.18400002,0.0,0.133219,0.0,0.0
hardzero_only__c0p58__z1p00__lam0p000__nu0p50__psi0p00,0.084,borrow,57,435,0.0,3,-0.6,-0.6,-0.60321337,0.9804557,0.104603045,0.104603045,1.0,0.008786656,0.084,0.0,0.012,0.6,0.6,-26.640596,2.1570456,0.71901524,0.128,0.0,0.14430614,0.0,0.0
hardzero_only__c0p58__z1p00__lam0p000__nu0p50__psi0p00,0.084,borrow,57,436,0.0,3,-0.6,-0.6,-0.61200005,1.0058551,0.0,0.09866086,0.0,0.0,0.084,0.0,0.012,0.6,0.6,-27.596216,2.2129254,0.7376418,0.16800001,0.0,0.17779149,0.0,0.0
hardzero_only__c0p58__z1p00__lam0p000__nu0p50__psi0p00,0.084,borrow,57,437,0.0,3,-0.6,-0.6,-0.60301006,0.97052,0.1070237,0.1070237,1.0,0.008989991,0.084,0.0,0.012,0.6,0.6,-26.926298,2.1351867,0.71172893,0.208,0.0,0.15825963,0.0,0.0
hardzero_only__c0p58__z1p00__lam0p000__nu0p50__psi0p00,0.084,borrow,57,438,0.0,3,-0.6,-0.6,-0.60225445,0.93547136,0.11601887,0.11601887,1.0,0.009745585,0.084,0.0,0.012,0.6,0.6,-25.421705,2.058078,0.68602604,0.17600001,0.0,0.13099253,0.0,0.0
hardzero_only__c0p58__z1p00__lam0p000__nu0p50__psi0p00,0.084,borrow,57,439,0.0,3,-0.6,-0.6,-0.6026898,0.95531845,0.11083618,0.11083618,1.0,0.009310239,0.084,0.0,0.012,0.6,0.6,-26.629612,2.1017425,0.70058084,0.2,0.0,0.13331315,0.0,0.0
hardzero_only__c0p58__z1p00__lam0p000__nu0p50__psi0p00,0.084,borrow,57,440,0.0,3,-0.6,-0.6,-0.6029443,0.9673564,0.107806176,0.107806176,1.0,0.009055719,0.084,0.0,0.012,0.6,0.6,-26.478285,2.1282265,0.7094089,0.2,0.0,0.14742567,0.0,0.0
hardzero_only__c0p58__z1p00__lam0p000__nu0p50__psi0p00,0.084,borrow,57,441,0.0,3,-0.6,-0.6,-0.6028583,0.9632499,0.10883037,0.10883037,1.0,0.009141751,0.084,0.0,0.012,0.6,0.6,-26.013643,2.1191921,0.7063974,0.208,0.0,0.13045469,0.0,0.0
hardzero_only__c0p58__z1p00__lam0p000__nu0p50__psi0p00,0.084,borrow,57,442,0.0,3,-0.6,-0.6,-0.6033193,0.9857217,0.10334233,0.10334233,1.0,0.008680756,0.084,0.0,0.012,0.6,0.6,-26.537617,2.168631,0.722877,0.22999999,0.0,0.16209486,0.0,0.0
hardzero_only__c0p58__z1p00__lam0p000__nu0p50__psi0p00,0.084,borrow,57,443,0.0,3,-0.6,-0.6,-0.60350513,0.9951215,0.10112964,0.10112964,1.0,0.00849489,0.084,0.0,0.012,0.6,0.6,-26.539797,2.189311,0.72977036,0.16000001,0.0,0.1587545,0.0,0.0
hardzero_only__c0p58__z1p00__lam0p000__nu0p50__psi0p00,0.084,borrow,57,444,0.0,3,-0.6,-0.6,-0.61200005,1.0125653,0.0,0.097148195,0.0,0.0,0.084,0.0,0.012,0.6,0.6,-26.949362,2.227688,0.7425627,0.2,0.0,0.12145989,0.0,0.0
hardzero_only__c0p58__z1p00__lam0p000__nu0p50__psi0p00,0.084,borrow,57,445,0.0,3,-0.6,-0.6,-0.60357773,0.9988463,0.100266,0.100266,1.0,0.008422344,0.084,0.0,0.012,0.6,0.6,-26.588127,2.1975057,0.7325019,0.18400002,0.0,0.1365554,0.0,0.0
hardzero_only__c0p58__z1p00__lam0p000__nu0p50__psi0p00,0.084,borrow,57,446,0.0,3,-0.6,-0.6,-0.6028576,0.9632163,0.108838774,0.108838774,1.0,0.009142457,0.084,0.0,0.012,0.6,0.6,-26.567095,2.1191182,0.70637274,0.192,0.0,0.1319053,0.0,0.0
hardzero_only__c0p58__z1p00__lam0p000__nu0p50__psi0p00,0.084,borrow,57,447,0.0,3,-0.6,-0.6,-0.6030451,0.9722159,0.1066066,0.1066066,1.0,0.008954954,0.084,0.0,0.012,0.6,0.6,-25.647774,2.1389177,0.7129726,0.14400001,0.0,0.12015983,0.0,0.0
hardzero_only__c0p58__z1p00__lam0p000__nu0p50__psi0p00,0.084,borrow,57,448,0.0,3,-0.6,-0.6,-0.603168,0.97821957,0.10514302,0.10514302,1.0,0.008832013,0.084,0.0,0.012,0.6,0.6,-26.748209,2.152126,0.7173754,0.208,0.0,0.1451898,0.0,0.0
hardzero_only__c0p58__z1p00__lam0p000__nu0p50__psi0p00,0.084,borrow,57,449,0.0,3,-0.6,-0.6,-0.6030427,0.9721021,0.10663454,0.10663454,1.0,0.008957301,0.084,0.0,0.012,0.6,0.6,-26.658686,2.1386673,0.71288913,0.136,0.0,0.1347038,0.0,0.0
hardzero_only__c0p58__z1p00__lam0p000__nu0p50__psi0p00,0.084,borrow,57,450,0.0,3,-0.6,-0.6,-0.61200005,1.0555029,0.0,0.08800291,0.0,0.0,0.084,0.0,0.012,0.6,0.6,-28.09443,2.3221526,0.7740509,0.096,0.0,0.15673508,0.0,0.0
hardzero_only__c0p58__z1p00__lam0p000__nu0p50__psi0p00,0.084,borrow,57,451,0.0,3,-0.6,-0.6,-0.6028032,0.9606392,0.109486565,0.109486565,1.0,0.009196871,0.084,0.0,0.012,0.6,0.6,-25.335062,2.1134484,0.7044828,0.120000005,0.0,0.12766205,0.0,0.0
hardzero_only__c0p58__z1p00__lam0p000__nu0p50__psi0p00,0.084,borrow,57,452,0.0,3,-0.6,-0.6,-0.60266745,0.954278,0.11110202,0.11110202,1.0,0.009332569,0.084,0.0,0.012,0.6,0.6,-26.716516,2.0994534,0.69981784,0.2,0.0,0.1460829,0.0,0.0
hardzero_only__c0p58__z1p00__lam0p000__nu0p50__psi0p00,0.084,borrow,57,453,0.0,3,-0.6,-0.6,-0.61200005,1.0513935,0.0,0.08883958,0.0,0.0,0.084,0.0,0.012,0.6,0.6,-28.166445,2.3131118,0.7710373,0.120000005,0.0,0.13839242,0.0,0.0
hardzero_only__c0p58__z1p00__lam0p000__nu0p50__psi0p00,0.084,borrow,57,454,0.0,3,-0.6,-0.6,-0.6028861,0.9645731,0.108499296,0.108499296,1.0,0.00911394,0.084,0.0,0.012,0.6,0.6,-26.472122,2.1221032,0.7073678,0.112,0.0,0.14605093,0.0,0.0
hardzero_only__c0p58__z1p00__lam0p000__nu0p50__psi0p00,0.084,borrow,57,455,0.0,3,-0.6,-0.6,-0.60201687,0.9250114,0.11884711,0.11884711,1.0,0.009983157,0.084,0.0,0.012,0.6,0.6,-26.153036,2.0350657,0.6783552,0.21,0.0,0.14094706,0.0,0.0
hardzero_only__c0p58__z1p00__lam0p000__nu0p50__psi0p00,0.084,borrow,57,456,0.0,3,-0.6,-0.6,-0.60333616,0.98656756,0.10314126,0.10314126,1.0,0.008663866,0.084,0.0,0.012,0.6,0.6,-27.072598,2.170492,0.72349733,0.14400001,0.0,0.1294692,0.0,0.0
hardzero_only__c0p58__z1p00__lam0p000__nu0p50__psi0p00,0.084,borrow,57,457,0.0,3,-0.6,-0.6,-0.61200005,1.0439281,0.0,0.090379894,0.0,0.0,0.084,0.0,0.012,0.6,0.6,-27.834513,2.2966878,0.76556265,0.112,0.0,0.13210955,0.0,0.0
hardzero_only__c0p58__z1p00__lam0p000__nu0p50__psi0p00,0.084,borrow,57,458,0.0,3,-0.6,-0.6,-0.61200005,1.0267874,0.0,0.09401834,0.0,0.0,0.084,0.0,0.012,0.6,0.6,-27.0089,2.2589774,0.7529925,0.128,0.0,0.1449023,0.0,0.0
hardzero_only__c0p58__z1p00__lam0p000__nu0p50__psi0p00,0.084,borrow,57,459,0.0,3,-0.6,-0.6,-0.60356975,0.9984366,0.10036063,0.10036063,1.0,0.008430293,0.084,0.0,0.012,0.6,0.6,-28.193254,2.1966045,0.7322015,0.17600001,0.0,0.14834298,0.0,0.0
hardzero_only__c0p58__z1p00__lam0p000__nu0p50__psi0p00,0.084,borrow,57,460,0.0,3,-0.6,-0.6,-0.60293436,0.9668789,0.10792476,0.10792476,1.0,0.009065679,0.084,0.0,0.012,0.6,0.6,-26.299393,2.127176,0.7090587,0.24000001,0.0,0.11797061,0.0,0.0
hardzero_only__c0p58__z1p00__lam0p000__nu0p50__psi0p00,0.084,borrow,57,461,0.0,3,-0.6,-0.6,-0.60218203,0.9322546,0.11688138,0.11688138,1.0,0.009818035,0.084,0.0,0.012,0.6,0.6,-25.209482,2.051001,0.68366706,0.2,0.0,0.11230637,0.0,0.0
hardzero_only__c0p58__z1p00__lam0p000__nu0p50__psi0p00,0.084,borrow,57,462,0.0,3,-0.6,-0.6,-0.6033533,0.9874279,0.10293713,0.10293713,1.0,0.008646719,0.084,0.0,0.012,0.6,0.6,-27.416124,2.1723847,0.72412825,0.208,0.0,0.13805012,0.0,0.0
hardzero_only__c0p58__z1p00__lam0p000__nu0p50__psi0p00,0.084,borrow,57,463,0.0,3,-0.6,-0.6,-0.61200005,1.0069727,0.0,0.098407306,0.0,0.0,0.084,0.0,0.012,0.6,0.6,-27.141472,2.215384,0.7384614,0.136,0.0,0.14220503,0.0,0.0
hardzero_only__c0p58__z1p00__lam0p000__nu0p50__psi0p00,0.084,borrow,57,464,0.0,3,-0.6,-0.6,-0.61200005,1.012952,0.0,0.09706172,0.0,0.0,0.084,0.0,0.012,0.6,0.6,-27.282866,2.2285388,0.74284625,0.16800001,0.0,0.14872897,0.0,0.0
hardzero_only__c0p58__z1p00__lam0p000__nu0p50__psi0p00,0.084,borrow,57,465,0.0,3,-0.6,-0.6,-0.60344553,0.9920851,0.10183918,0.10183918,1.0,0.008554491,0.084,0.0,0.012,0.6,0.6,-27.141935,2.1826308,0.7275436,0.192,0.0,0.12599085,0.0,0.0
hardzero_only__c0p58__z1p00__lam0p000__nu0p50__psi0p00,0.084,borrow,57,466,0.0,3,-0.6,-0.6,-0.6030409,0.97201127,0.10665684,0.10665684,1.0,0.008959174,0.084,0.0,0.012,0.6,0.6,-26.680155,2.1384676,0.71282256,0.208,0.0,0.14320104,0.0,0.0
hardzero_only__c0p58__z1p00__lam0p000__nu0p50__psi0p00,0.084,borrow,57,467,0.0,3,-0.6,-0.6,-0.6027648,0.95883024,0.10994355,0.10994355,1.0,0.009235258,0.084,0.0,0.012,0.6,0.6,-25.805714,2.1094687,0.70315623,0.15200001,0.0,0.120619945,0.0,0.0
hardzero_only__c0p58__z1p00__lam0p000__nu0p50__psi0p00,0.084,borrow,57,468,0.0,3,-0.6,-0.6,-0.61200005,1.0439795,0.0,0.0903692,0.0,0.0,0.084,0.0,0.012,0.6,0.6,-27.388163,2.2968009,0.7656003,0.13,0.0,0.14307395,0.0,0.0
hardzero_only__c0p58__z1p00__lam0p000__nu0p50__psi0p00,0.084,borrow,57,469,0.0,3,-0.6,-0.6,-0.61200005,1.0143943,0.0,0.09673992,0.0,0.0,0.084,0.0,0.012,0.6,0.6,-26.699533,2.2317119,0.743904,0.112,0.0,0.14860351,0.0,0.0
hardzero_only__c0p58__z1p00__lam0p000__nu0p50__psi0p00,0.084,borrow,57,470,0.0,3,-0.6,-0.6,-0.6031227,0.9759953,0.10568289,0.10568289,1.0,0.008877362,0.084,0.0,0.012,0.6,0.6,-25.600096,2.1472325,0.7157442,0.16000001,0.0,0.13638747,0.0,0.0
hardzero_only__c0p58__z1p00__lam0p000__nu0p50__psi0p00,0.084,borrow,57,471,0.0,3,-0.6,-0.6,-0.6033456,0.98703897,0.10302935,0.10302935,1.0,0.008654465,0.084,0.0,0.012,0.6,0.6,-26.859478,2.171529,0.72384304,0.192,0.0,0.13960256,0.0,0.0
hardzero_only__c0p58__z1p00__lam0p000__nu0p50__psi0p00,0.084,borrow,57,472,0.0,3,-0.6,-0.6,-0.60297555,0.96885717,0.10743426,0.10743426,1.0,0.009024478,0.084,0.0,0.012,0.6,0.6,-26.68647,2.1315284,0.7105095,0.208,0.0,0.13821608,0.0,0.0
hardzero_only__c0p58__z1p00__lam0p000__nu0p50__psi0p00,0.084,borrow,57,473,0.0,3,-0.6,-0.6,-0.61200005,1.015325,0.0,0.09653284,0.0,0.0,0.084,0.0,0.012,0.6,0.6,-27.41481,2.2337594,0.74458647,0.16800001,0.0,0.14263315,0.0,0.0
hardzero_only__c0p58__z1p00__lam0p000__nu0p50__psi0p00,0.084,borrow,57,474,0.0,3,-0.6,-0.6,-0.6029646,0.9683292,0.10756496,0.10756496,1.0,0.009035457,0.084,0.0,0.012,0.6,0.6,-26.235018,2.1303668,0.7101223,0.224,0.0,0.12576982,0.0,0.0
hardzero_only__c0p58__z1p00__lam0p000__nu0p50__psi0p00,0.084,borrow,57,475,0.0,3,-0.6,-0.6,-0.6025252,0.94770503,0.11279632,0.11279632,1.0,0.009474891,0.084,0.0,0.012,0.6,0.6,-26.356676,2.0849926,0.69499755,0.18400002,0.0,0.14797954,0.0,0.0
hardzero_only__c0p58__z1p00__lam0p000__nu0p50__psi0p00,0.084,borrow,57,476,0.0,3,-0.6,-0.6,-0.61200005,1.0107913,0.0,0.09754581,0.0,0.0,0.084,0.0,0.012,0.6,0.6,-27.238655,2.2237852,0.7412617,0.112,0.0,0.13541037,0.0,0.0
hardzero_only__c0p58__z1p00__lam0p000__nu0p50__psi0p00,0.084,borrow,57,477,0.0,3,-0.6,-0.6,-0.60305285,0.97259164,0.1065144,0.1065144,1.0,0.008947209,0.084,0.0,0.012,0.6,0.6,-26.201616,2.1397443,0.71324813,0.16800001,0.0,0.14121297,0.0,0.0
hardzero_only__c0p58__z1p00__lam0p000__nu0p50__psi0p00,0.084,borrow,57,478,0.0,3,-0.6,-0.6,-0.61200005,1.0061358,0.0,0.09859711,0.0,0.0,0.084,0.0,0.012,0.6,0.6,-27.676363,2.213543,0.7378477,0.14400001,0.0,0.15538488,0.0,0.0
hardzero_only__c0p58__z1p00__lam0p000__nu0p50__psi0p00,0.084,borrow,57,479,0.0,3,-0.6,-0.6,-0.61200005,1.0278288,0.0,0.093793176,0.0,0.0,0.084,0.0,0.012,0.6,0.6,-27.556763,2.2612686,0.7537562,0.120000005,0.0,0.14711083,0.0,0.0
hardzero_only__c0p58__z1p00__lam0p000__nu0p50__psi0p00,0.084,borrow,57,480,0.0,3,-0.6,-0.6,-0.61200005,1.0194173,0.0,0.09562748,0.0,0.0,0.084,0.0,0.012,0.6,0.6,-27.022028,2.2427628,0.7475876,0.15200001,0.0,0.21273836,0.0,0.0
hardzero_only__c0p58__z1p00__lam0p000__nu0p50__psi0p00,0.084,borrow,57,481,0.0,3,-0.6,-0.6,-0.61200005,1.0546602,0.0,0.088173844,0.0,0.0,0.084,0.0,0.012,0.6,0.6,-28.049204,2.3202987,0.7734329,0.11,0.0,0.14575122,0.0,0.0
hardzero_only__c0p58__z1p00__lam0p000__nu0p50__psi0p00,0.084,borrow,57,482,0.0,3,-0.6,-0.6,-0.61200005,1.0485219,0.0,0.08942894,0.0,0.0,0.084,0.0,0.012,0.6,0.6,-28.066015,2.3067942,0.7689314,0.120000005,0.0,0.15802117,0.0,0.0
hardzero_only__c0p58__z1p00__lam0p000__nu0p50__psi0p00,0.084,borrow,57,483,0.0,3,-0.6,-0.6,-0.60335416,0.9874695,0.10292727,0.10292727,1.0,0.00864589,0.084,0.0,0.012,0.6,0.6,-26.6047,2.1724763,0.72415876,0.136,0.0,0.13460316,0.0,0.0
hardzero_only__c0p58__z1p00__lam0p000__nu0p50__psi0p00,0.084,borrow,57,484,0.0,3,-0.6,-0.6,-0.61200005,1.0306472,0.0,0.09318647,0.0,0.0,0.084,0.0,0.012,0.6,0.6,-28.08169,2.267469,0.755823,0.16800001,0.0,0.14679362,0.0,0.0
hardzero_only__c0p58__z1p00__lam0p000__nu0p50__psi0p00,0.084,borrow,57,485,0.0,3,-0.6,-0.6,-0.61200005,1.0443249,0.0,0.09029738,0.0,0.0,0.084,0.0,0.012,0.6,0.6,-28.176153,2.2975607,0.7658536,0.136,0.0,0.17176484,0.0,0.0
hardzero_only__c0p58__z1p00__lam0p000__nu0p50__psi0p00,0.084,borrow,57,486,0.0,3,-0.6,-0.6,-0.6032629,0.9829082,0.10401399,0.10401399,1.0,0.008737175,0.084,0.0,0.012,0.6,0.6,-26.567814,2.1624413,0.72081375,0.104,0.0,0.12166087,0.0,0.0
hardzero_only__c0p58__z1p00__lam0p000__nu0p50__psi0p00,0.084,borrow,57,487,0.0,3,-0.6,-0.6,-0.6017513,0.91360986,0.122008525,0.122008525,1.0,0.010248716,0.084,0.0,0.012,0.6,0.6,-25.471518,2.0099819,0.669994,0.264,0.008,0.11939783,0.0,0.0
hardzero_only__c0p58__z1p00__lam0p000__nu0p50__psi0p00,0.084,borrow,57,488,0.0,3,-0.6,-0.6,-0.602716,0.9565427,0.11052419,0.11052419,1.0,0.009284032,0.084,0.0,0.012,0.6,0.6,-26.603931,2.104436,0.70147866,0.192,0.0,0.13287395,0.0,0.0
hardzero_only__c0p58__z1p00__lam0p000__nu0p50__psi0p00,0.084,borrow,57,489,0.0,3,-0.6,-0.6,-0.61200005,1.0134751,0.0,0.09694488,0.0,0.0,0.084,0.0,0.012,0.6,0.6,-27.958464,2.2296896,0.74322987,0.216,0.0,0.17171434,0.0,0.0
hardzero_only__c0p58__z1p00__lam0p000__nu0p50__psi0p00,0.084,borrow,57,490,0.0,3,-0.6,-0.6,-0.61200005,1.0521753,0.0,0.088679805,0.0,0.0,0.084,0.0,0.012,0.6,0.6,-27.851355,2.3148317,0.7716106,0.112,0.0,0.14962801,0.0,0.0
hardzero_only__c0p58__z1p00__lam0p000__nu0p50__psi0p00,0.084,borrow,57,491,0.0,3,-0.6,-0.6,-0.61200005,1.0046408,0.0,0.098937094,0.0,0.0,0.084,0.0,0.012,0.6,0.6,-27.32569,2.210254,0.7367513,0.14400001,0.0,0.14792082,0.0,0.0
hardzero_only__c0p58__z1p00__lam0p000__nu0p50__psi0p00,0.084,borrow,57,492,0.0,3,-0.6,-0.6,-0.60345787,0.9927091,0.10169297,0.10169297,1.0,0.008542209,0.084,0.0,0.012,0.6,0.6,-26.01965,2.1840036,0.72800124,0.128,0.0,0.14654163,0.0,0.0
hardzero_only__c0p58__z1p00__lam0p000__nu0p50__psi0p00,0.084,borrow,57,493,0.0,3,-0.6,-0.6,-0.60206443,0.92708546,0.11828087,0.11828087,1.0,0.009935593,0.084,0.0,0.012,0.6,0.6,-25.468256,2.0396287,0.67987627,0.16800001,0.0,0.11693589,0.0,0.0
hardzero_only__c0p58__z1p00__lam0p000__nu0p50__psi0p00,0.084,borrow,57,494,0.0,3,-0.6,-0.6,-0.61200005,1.0153846,0.0,0.09651958,0.0,0.0,0.084,0.0,0.012,0.6,0.6,-27.056477,2.2338905,0.7446302,0.089999996,0.0,0.15000321,0.0,0.0
hardzero_only__c0p58__z1p00__lam0p000__nu0p50__psi0p00,0.084,borrow,57,495,0.0,3,-0.6,-0.6,-0.61200005,1.0578004,0.0,0.0875386,0.0,0.0,0.084,0.0,0.012,0.6,0.6,-27.442736,2.3272073,0.7757358,0.112,0.0,0.13034622,0.0,0.0
hardzero_only__c0p58__z1p00__lam0p000__nu0p50__psi0p00,0.084,borrow,57,496,0.0,3,-0.6,-0.6,-0.61200005,1.0014291,0.0,0.09967147,0.0,0.0,0.084,0.0,0.012,0.6,0.6,-27.185139,2.203188,0.734396,0.120000005,0.0,0.1304443,0.0,0.0
hardzero_only__c0p58__z1p00__lam0p000__nu0p50__psi0p00,0.084,borrow,57,497,0.0,3,-0.6,-0.6,-0.61200005,1.0099881,0.0,0.097726405,0.0,0.0,0.084,0.0,0.012,0.6,0.6,-26.530403,2.2220182,0.74067277,0.120000005,0.0,0.15108219,0.0,0.0
hardzero_only__c0p58__z1p00__lam0p000__nu0p50__psi0p00,0.084,borrow,57,498,0.0,3,-0.6,-0.6,-0.6029558,0.9679086,0.10766917,0.10766917,1.0,0.0090442095,0.084,0.0,0.012,0.6,0.6,-25.98672,2.1294415,0.70981383,0.16000001,0.0,0.12435968,0.0,0.0
hardzero_only__c0p58__z1p00__lam0p000__nu0p50__psi0p00,0.084,borrow,57,499,0.0,3,-0.6,-0.6,-0.60292286,0.9663286,0.10806158,0.10806158,1.0,0.009077173,0.084,0.0,0.012,0.6,0.6,-26.194008,2.1259654,0.7086551,0.192,0.0,0.11109693,0.0,0.0
hardzero_only__c0p58__z1p00__lam0p000__nu0p50__psi0p00,0.084,borrow,57,500,0.0,3,-0.6,-0.6,-0.6027123,0.9563667,0.11056897,0.11056897,1.0,0.009287793,0.084,0.0,0.012,0.6,0.6,-25.879194,2.1040487,0.7013496,0.136,0.0,0.12773298,0.0,0.0
hardzero_only__c0p58__z1p00__lam0p000__nu0p50__psi0p00,0.084,borrow,57,501,0.0,3,-0.6,-0.6,-0.61200005,1.0263162,0.0,0.094120406,0.0,0.0,0.084,0.0,0.012,0.6,0.6,-28.718262,2.2579408,0.7526469,0.2,0.0,0.13949978,0.0,0.0
hardzero_only__c0p58__z1p00__lam0p000__nu0p50__psi0p00,0.084,borrow,57,502,0.0,3,-0.6,-0.6,-0.60299695,0.96988845,0.10717946,0.10717946,1.0,0.009003075,0.084,0.0,0.012,0.6,0.6,-26.58067,2.1337972,0.71126574,0.15200001,0.0,0.14798808,0.0,0.0
hardzero_only__c0p58__z1p00__lam0p000__nu0p50__psi0p00,0.084,borrow,57,503,0.0,3,-0.6,-0.6,-0.60304755,0.9723355,0.10657723,0.10657723,1.0,0.008952487,0.084,0.0,0.012,0.6,0.6,-26.302244,2.139181,0.7130603,0.104,0.0,0.14431967,0.0,0.0
hardzero_only__c0p58__z1p00__lam0p000__nu0p50__psi0p00,0.084,borrow,57,504,0.0,3,-0.6,-0.6,-0.6026613,0.9539907,0.11117555,0.11117555,1.0,0.009338746,0.084,0.0,0.012,0.6,0.6,-26.338388,2.0988214,0.69960713,0.23200001,0.0,0.13940349,0.0,0.0
hardzero_only__c0p58__z1p00__lam0p000__nu0p50__psi0p00,0.084,borrow,57,505,0.0,3,-0.6,-0.6,-0.61200005,1.0119114,0.0,0.09729458,0.0,0.0,0.084,0.0,0.012,0.6,0.6,-27.009016,2.2262495,0.7420832,0.128,0.0,0.13696696,0.0,0.0
hardzero_only__c0p58__z1p00__lam0p000__nu0p50__psi0p00,0.084,borrow,57,506,0.0,3,-0.6,-0.6,-0.60328484,0.98400265,0.1037522,0.1037522,1.0,0.008715185,0.084,0.0,0.012,0.6,0.6,-26.161024,2.164849,0.7216164,0.15200001,0.0,0.12219868,0.0,0.0
hardzero_only__c0p58__z1p00__lam0p000__nu0p50__psi0p00,0.084,borrow,57,507,0.0,3,-0.6,-0.6,-0.6033409,0.9868061,0.10308462,0.10308462,1.0,0.008659108,0.084,0.0,0.012,0.6,0.6,-26.539808,2.1710167,0.7236723,0.14999999,0.0,0.13707821,0.0,0.0
hardzero_only__c0p58__z1p00__lam0p000__nu0p50__psi0p00,0.084,borrow,57,508,0.0,3,-0.6,-0.6,-0.61200005,1.0227336,0.0,0.09490004,0.0,0.0,0.084,0.0,0.012,0.6,0.6,-27.405787,2.2500587,0.75001955,0.120000005,0.0,0.13092263,0.0,0.0
hardzero_only__c0p58__z1p00__lam0p000__nu0p50__psi0p00,0.084,borrow,57,509,0.0,3,-0.6,-0.6,-0.60327494,0.9835087,0.10387029,0.10387029,1.0,0.008725104,0.084,0.0,0.012,0.6,0.6,-27.549212,2.1637623,0.7212541,0.14400001,0.0,0.15441816,0.0,0.0
hardzero_only__c0p58__z1p00__lam0p000__nu0p50__psi0p00,0.084,borrow,57,510,0.0,3,-0.6,-0.6,-0.60329026,0.98427314,0.10368761,0.10368761,1.0,0.0087097585,0.084,0.0,0.012,0.6,0.6,-27.022932,2.1654441,0.72181475,0.208,0.0,0.17417026,0.0,0.0
hardzero_only__c0p58__z1p00__lam0p000__nu0p50__psi0p00,0.084,borrow,57,511,0.0,3,-0.6,-0.6,-0.6033357,0.9865436,0.10314693,0.10314693,1.0,0.008664343,0.084,0.0,0.012,0.6,0.6,-26.330303,2.1704392,0.72347975,0.16800001,0.0,0.13860065,0.0,0.0
hardzero_only__c0p58__z1p00__lam0p000__nu0p50__psi0p00,0.084,borrow,57,512,0.0,3,-0.6,-0.6,-0.6030854,0.97417575,0.10612659,0.10612659,1.0,0.008914634,0.084,0.0,0.012,0.6,0.6,-26.502556,2.1432295,0.7144098,0.16000001,0.0,0.11736153,0.0,0.0
hardzero_only__c0p58__z1p00__lam0p000__nu0p50__psi0p00,0.084,borrow,57,513,0.0,3,-0.6,-0.6,-0.60305005,0.9724554,0.10654783,0.10654783,1.0,0.008950017,0.084,0.0,0.012,0.6,0.6,-25.84249,2.1394446,0.71314824,0.208,0.0,0.13331245,0.0,0.0
hardzero_only__c0p58__z1p00__lam0p000__nu0p50__psi0p00,0.084,borrow,57,514,0.0,3,-0.6,-0.6,-0.61200005,1.0171379,0.0,0.09613071,0.0,0.0,0.084,0.0,0.012,0.6,0.6,-27.09442,2.2377481,0.74591607,0.136,0.0,0.15378653,0.0,0.0
hardzero_only__c0p58__z1p00__lam0p000__nu0p50__psi0p00,0.084,borrow,57,515,0.0,3,-0.6,-0.6,-0.6035885,0.9994032,0.10013752,0.10013752,1.0,0.008411551,0.084,0.0,0.012,0.6,0.6,-26.874125,2.198731,0.73291034,0.208,0.0,0.13035886,0.0,0.0
hardzero_only__c0p58__z1p00__lam0p000__nu0p50__psi0p00,0.084,borrow,57,516,0.0,3,-0.6,-0.6,-0.6024756,0.94543934,0.11338632,0.11338632,1.0,0.009524451,0.084,0.0,0.012,0.6,0.6,-26.03257,2.080008,0.693336,0.192,0.0,0.13581887,0.0,0.0
hardzero_only__c0p58__z1p00__lam0p000__nu0p50__psi0p00,0.084,borrow,57,517,0.0,3,-0.6,-0.6,-0.6029938,0.96973455,0.107217446,0.107217446,1.0,0.009006266,0.084,0.0,0.012,0.6,0.6,-27.333912,2.1334586,0.7111529,0.16000001,0.0,0.13341029,0.0,0.0
hardzero_only__c0p58__z1p00__lam0p000__nu0p50__psi0p00,0.084,borrow,57,518,0.0,3,-0.6,-0.6,-0.60338056,0.988798,0.102612905,0.102612905,1.0,0.008619484,0.084,0.0,0.012,0.6,0.6,-26.182669,2.175399,0.72513306,0.104,0.0,0.11011526,0.0,0.0
hardzero_only__c0p58__z1p00__lam0p000__nu0p50__psi0p00,0.084,borrow,57,519,0.0,3,-0.6,-0.6,-0.60267127,0.9544542,0.11105697,0.11105697,1.0,0.009328785,0.084,0.0,0.012,0.6,0.6,-26.547918,2.099841,0.69994706,0.208,0.0,0.11734064,0.0,0.0
hardzero_only__c0p58__z1p00__lam0p000__nu0p50__psi0p00,0.084,borrow,57,520,0.0,3,-0.6,-0.6,-0.6031054,0.97515285,0.10588808,0.10588808,1.0,0.008894599,0.084,0.0,0.012,0.6,0.6,-26.00912,2.145379,0.7151264,0.22999999,0.0,0.14502712,0.0,0.0
hardzero_only__c0p58__z1p00__lam0p000__nu0p50__psi0p00,0.084,borrow,57,521,0.0,3,-0.6,-0.6,-0.6030844,0.97412527,0.10613895,0.10613895,1.0,0.008915672,0.084,0.0,0.012,0.6,0.6,-26.644814,2.1431184,0.7143728,0.192,0.0,0.13773051,0.0,0.0
hardzero_only__c0p58__z1p00__lam0p000__nu0p50__psi0p00,0.084,borrow,57,522,0.0,3,-0.6,-0.6,-0.6034586,0.9927471,0.10168405,0.10168405,1.0,0.00854146,0.084,0.0,0.012,0.6,0.6,-26.6737,2.1840873,0.72802913,0.16000001,0.0,0.13279241,0.0,0.0
hardzero_only__c0p58__z1p00__lam0p000__nu0p50__psi0p00,0.084,borrow,57,523,0.0,3,-0.6,-0.6,-0.6030291,0.97143966,0.1067973,0.1067973,1.0,0.008970973,0.084,0.0,0.012,0.6,0.6,-26.500078,2.13721,0.7124033,0.120000005,0.008,0.13615634,0.0,0.0
hardzero_only__c0p58__z1p00__lam0p000__nu0p50__psi0p00,0.084,borrow,57,524,0.0,3,-0.6,-0.6,-0.61200005,1.0313135,0.0,0.09304359,0.0,0.0,0.084,0.0,0.012,0.6,0.6,-27.23591,2.268935,0.75631166,0.14400001,0.0,0.15251537,0.0,0.0
hardzero_only__c0p58__z1p00__lam0p000__nu0p50__psi0p00,0.084,borrow,57,525,0.0,3,-0.6,-0.6,-0.60339904,0.98973095,0.10239271,0.10239271,1.0,0.0086009875,0.084,0.0,0.012,0.6,0.6,-27.122417,2.1774516,0.7258172,0.136,0.0,0.13777031,0.0,0.0
hardzero_only__c0p58__z1p00__lam0p000__nu0p50__psi0p00,0.084,borrow,57,526,0.0,3,-0.6,-0.6,-0.6022154,0.93373567,0.11648347,0.11648347,1.0,0.009784612,0.084,0.0,0.012,0.6,0.6,-26.210934,2.0542595,0.6847532,0.18400002,0.0,0.13752231,0.0,0.0
hardzero_only__c0p58__z1p00__lam0p000__nu0p50__psi0p00,0.084,borrow,57,527,0.0,3,-0.6,-0.6,-0.60275066,0.95816565,0.11011191,0.11011191,1.0,0.0092494,0.084,0.0,0.012,0.6,0.6,-25.489096,2.1080065,0.70266885,0.15200001,0.0,0.124457754,0.0,0.0
hardzero_only__c0p58__z1p00__lam0p000__nu0p50__psi0p00,0.084,borrow,57,528,0.0,3,-0.6,-0.6,-0.61200005,1.0046339,0.0,0.098938674,0.0,0.0,0.084,0.0,0.012,0.6,0.6,-27.14258,2.2102387,0.73674625,0.16000001,0.0,0.13996683,0.0,0.0
hardzero_only__c0p58__z1p00__lam0p000__nu0p50__psi0p00,0.084,borrow,57,529,0.0,3,-0.6,-0.6,-0.60341203,0.9903852,0.10223859,0.10223859,1.0,0.008588041,0.084,0.0,0.012,0.6,0.6,-27.466955,2.178891,0.726297,0.096,0.0,0.15078066,0.0,0.0
hardzero_only__c0p58__z1p00__lam0p000__nu0p50__psi0p00,0.084,borrow,57,530,0.0,3,-0.6,-0.6,-0.6027447,0.95788515,0.11018305,0.11018305,1.0,0.009255377,0.084,0.0,0.012,0.6,0.6,-27.1357,2.1073895,0.70246315,0.216,0.0,0.15328765,0.0,0.0
hardzero_only__c0p58__z1p00__lam0p000__nu0p50__psi0p00,0.084,borrow,57,531,0.0,3,-0.6,-0.6,-0.6026238,0.95225114,0.11162175,0.11162175,1.0,0.009376227,0.084,0.0,0.012,0.6,0.6,-27.09673,2.0949943,0.6983315,0.192,0.0,0.13718377,0.0,0.0
hardzero_only__c0p58__z1p00__lam0p000__nu0p50__psi0p00,0.084,borrow,57,532,0.0,3,-0.6,-0.6,-0.61200005,1.0297004,0.0,0.093389824,0.0,0.0,0.084,0.0,0.012,0.6,0.6,-27.38142,2.265386,0.75512874,0.128,0.0,0.15480655,0.0,0.0
hardzero_only__c0p58__z1p00__lam0p000__nu0p50__psi0p00,0.084,borrow,57,533,0.0,3,-0.6,-0.6,-0.6034382,0.9917125,0.101926565,0.101926565,1.0,0.008561831,0.084,0.0,0.012,0.6,0.6,-27.355703,2.181811,0.72727036,0.16,0.0,0.13791955,0.0,0.0
hardzero_only__c0p58__z1p00__lam0p000__nu0p50__psi0p00,0.084,borrow,57,534,0.0,3,-0.6,-0.6,-0.61200005,1.0265831,0.0,0.0940626,0.0,0.0,0.084,0.0,0.012,0.6,0.6,-27.216322,2.2585278,0.7528426,0.2,0.0,0.12801822,0.0,0.0
hardzero_only__c0p58__z1p00__lam0p000__nu0p50__psi0p00,0.084,borrow,57,535,0.0,3,-0.6,-0.6,-0.6026952,0.95557135,0.11077164,0.11077164,1.0,0.009304818,0.084,0.0,0.012,0.6,0.6,-26.000896,2.102299,0.7007663,0.18400002,0.0,0.1428432,0.0,0.0
hardzero_only__c0p58__z1p00__lam0p000__nu0p50__psi0p00,0.084,borrow,57,536,0.0,3,-0.6,-0.6,-0.61200005,1.0088785,0.0,0.09797641,0.0,0.0,0.084,0.0,0.012,0.6,0.6,-26.81383,2.219577,0.73985904,0.16800001,0.0,0.15472016,0.0,0.0
hardzero_only__c0p58__z1p00__lam0p000__nu0p50__psi0p00,0.084,borrow,57,537,0.0,3,-0.6,-0.6,-0.61200005,1.0327896,0.0,0.09272791,0.0,0.0,0.084,0.0,0.012,0.6,0.6,-27.302223,2.2721825,0.7573942,0.104,0.0,0.1386056,0.0,0.0
hardzero_only__c0p58__z1p00__lam0p000__nu0p50__psi0p00,0.084,borrow,57,538,0.0,3,-0.6,-0.6,-0.6033678,0.9881555,0.10276482,0.10276482,1.0,0.008632245,0.084,0.0,0.012,0.6,0.6,-27.303864,2.1739855,0.7246618,0.16800001,0.0,0.12572053,0.0,0.0
hardzero_only__c0p58__z1p00__lam0p000__nu0p50__psi0p00,0.084,borrow,57,539,0.0,3,-0.6,-0.6,-0.61200005,1.0098963,0.0,0.09774705,0.0,0.0,0.084,0.0,0.012,0.6,0.6,-27.273932,2.2218163,0.7406055,0.14400001,0.0,0.18559016,0.0,0.0
hardzero_only__c0p58__z1p00__lam0p000__nu0p50__psi0p00,0.084,borrow,57,540,0.0,3,-0.6,-0.6,-0.61200005,1.0001296,0.0,0.09997018,0.0,0.0,0.084,0.0,0.012,0.6,0.6,-26.69484,2.200329,0.733443,0.192,0.0,0.15068303,0.0,0.0
hardzero_only__c0p58__z1p00__lam0p000__nu0p50__psi0p00,0.084,borrow,57,541,0.0,3,-0.6,-0.6,-0.6028042,0.96068716,0.10947446,0.10947446,1.0,0.009195854,0.084,0.0,0.012,0.6,0.6,-26.462454,2.113554,0.704518,0.14400001,0.0,0.12672855,0.0,0.0
hardzero_only__c0p58__z1p00__lam0p000__nu0p50__psi0p00,0.084,borrow,57,542,0.0,3,-0.6,-0.6,-0.6035961,0.9997956,0.10004707,0.10004707,1.0,0.008403953,0.084,0.0,0.012,0.6,0.6,-26.947025,2.1995943,0.7331981,0.17600001,0.0,0.14109981,0.0,0.0
hardzero_only__c0p58__z1p00__lam0p000__nu0p50__psi0p00,0.084,borrow,57,543,0.0,3,-0.6,-0.6,-0.6030938,0.9745852,0.106026605,0.106026605,1.0,0.008906235,0.084,0.0,0.012,0.6,0.6,-26.073584,2.1441302,0.7147101,0.18400002,0.0,0.14026353,0.0,0.0
hardzero_only__c0p58__z1p00__lam0p000__nu0p50__psi0p00,0.084,borrow,57,544,0.0,3,-0.6,-0.6,-0.6035463,0.9972319,0.100639425,0.100639425,1.0,0.008453712,0.084,0.0,0.012,0.6,0.6,-27.066893,2.193954,0.731318,0.104,0.0,0.13025798,0.0,0.0
hardzero_only__c0p58__z1p00__lam0p000__nu0p50__psi0p00,0.084,borrow,57,545,0.0,3,-0.6,-0.6,-0.6030076,0.9704031,0.10705251,0.10705251,1.0,0.008992411,0.084,0.0,0.012,0.6,0.6,-26.842642,2.1349294,0.71164316,0.14400001,0.0,0.16082399,0.0,0.0
hardzero_only__c0p58__z1p00__lam0p000__nu0p50__psi0p00,0.084,borrow,57,546,0.0,3,-0.6,-0.6,-0.6033525,0.9873868,0.10294688,0.10294688,1.0,0.008647538,0.084,0.0,0.012,0.6,0.6,-25.378553,2.1722944,0.72409815,0.14,0.0,0.14525495,0.0,0.0
hardzero_only__c0p58__z1p00__lam0p000__nu0p50__psi0p00,0.084,borrow,57,547,0.0,3,-0.6,-0.6,-0.61200005,1.0105923,0.0,0.09759052,0.0,0.0,0.084,0.0,0.012,0.6,0.6,-27.457333,2.2233477,0.7411159,0.14400001,0.0,0.1344337,0.0,0.0
hardzero_only__c0p58__z1p00__lam0p000__nu0p50__psi0p00,0.084,borrow,57,548,0.0,3,-0.6,-0.6,-0.61200005,1.0152725,0.0,0.09654448,0.0,0.0,0.084,0.0,0.012,0.6,0.6,-27.56049,2.233644,0.744548,0.128,0.0,0.13315374,0.0,0.0
hardzero_only__c0p58__z1p00__lam0p000__nu0p50__psi0p00,0.084,borrow,57,549,0.0,3,-0.6,-0.6,-0.61200005,1.0014045,0.0,0.0996771,0.0,0.0,0.084,0.0,0.012,0.6,0.6,-26.413664,2.203134,0.73437804,0.17600001,0.0,0.14603311,0.0,0.0
hardzero_only__c0p58__z1p00__lam0p000__nu0p50__psi0p00,0.084,borrow,57,550,0.0,3,-0.6,-0.6,-0.61200005,1.0109214,0.0,0.097516604,0.0,0.0,0.084,0.0,0.012,0.6,0.6,-27.091122,2.2240715,0.7413572,0.136,0.0,0.15235023,0.0,0.0
hardzero_only__c0p58__z1p00__lam0p000__nu0p50__psi0p00,0.084,borrow,57,551,0.0,3,-0.6,-0.6,-0.60316384,0.97801226,0.10519322,0.10519322,1.0,0.00883623,0.084,0.0,0.012,0.6,0.6,-26.73476,2.15167,0.71722335,0.16800001,0.0,0.1500705,0.0,0.0
hardzero_only__c0p58__z1p00__lam0p000__nu0p50__psi0p00,0.084,borrow,57,552,0.0,3,-0.6,-0.6,-0.60243034,0.9433803,0.11392516,0.11392516,1.0,0.009569713,0.084,0.0,0.012,0.6,0.6,-25.796305,2.075478,0.69182605,0.192,0.0,0.13777761,0.0,0.0
hardzero_only__c0p58__z1p00__lam0p000__nu0p50__psi0p00,0.084,borrow,57,553,0.0,3,-0.6,-0.6,-0.61200005,1.0048724,0.0,0.098884344,0.0,0.0,0.084,0.0,0.012,0.6,0.6,-27.868002,2.2107635,0.7369212,0.18400002,0.0,0.1393402,0.0,0.0
hardzero_only__c0p58__z1p00__lam0p000__nu0p50__psi0p00,0.084,borrow,57,554,0.0,3,-0.6,-0.6,-0.61200005,1.0183052,0.0,0.09587266,0.0,0.0,0.084,0.0,0.012,0.6,0.6,-26.911911,2.2403162,0.74677205,0.14400001,0.0,0.13510911,0.0,0.0
hardzero_only__c0p58__z1p00__lam0p000__nu0p50__psi0p00,0.084,borrow,57,555,0.0,3,-0.6,-0.6,-0.6035288,0.99633026,0.100848556,0.100848556,1.0,0.0084712785,0.084,0.0,0.012,0.6,0.6,-27.136965,2.1919703,0.7306568,0.16800001,0.0,0.1387238,0.0,0.0
hardzero_only__c0p58__z1p00__lam0p000__nu0p50__psi0p00,0.084,borrow,57,556,0.0,3,-0.6,-0.6,-0.60323685,0.98161817,0.10432342,0.10432342,1.0,0.008763167,0.084,0.0,0.012,0.6,0.6,-27.01382,2.159603,0.7198677,0.224,0.0,0.14545248,0.0,0.0
hardzero_only__c0p58__z1p00__lam0p000__nu0p50__psi0p00,0.084,borrow,57,557,0.0,3,-0.6,-0.6,-0.61200005,1.015614,0.0,0.0964686,0.0,0.0,0.084,0.0,0.012,0.6,0.6,-26.54778,2.2343955,0.74479854,0.136,0.0,0.13652723,0.0,0.0
hardzero_only__c0p58__z1p00__lam0p000__nu0p50__psi0p00,0.084,borrow,57,558,0.0,3,-0.6,-0.6,-0.61200005,1.0093828,0.0,0.09786268,0.0,0.0,0.084,0.0,0.012,0.6,0.6,-26.670517,2.2206867,0.7402289,0.18400002,0.0,0.119589284,0.0,0.0
hardzero_only__c0p58__z1p00__lam0p000__nu0p50__psi0p00,0.084,borrow,57,559,0.0,3,-0.6,-0.6,-0.61200005,1.0023015,0.0,0.099471465,0.0,0.0,0.084,0.0,0.012,0.6,0.6,-28.571081,2.2051072,0.7350358,0.17,0.0,0.17076564,0.0,0.0
hardzero_only__c0p58__z1p00__lam0p000__nu0p50__psi0p00,0.084,borrow,57,560,0.0,3,-0.6,-0.6,-0.6030005,0.97006094,0.1071369,0.1071369,1.0,0.0089994995,0.084,0.0,0.012,0.6,0.6,-26.442587,2.1341767,0.7113923,0.15200001,0.0,0.12342602,0.0,0.0
hardzero_only__c0p58__z1p00__lam0p000__nu0p50__psi0p00,0.084,borrow,57,561,0.0,3,-0.6,-0.6,-0.6022597,0.9357038,0.11595679,0.11595679,1.0,0.00974037,0.084,0.0,0.012,0.6,0.6,-25.242756,2.0585895,0.6861965,0.16800001,0.0,0.10935251,0.0,0.0
hardzero_only__c0p58__z1p00__lam0p000__nu0p50__psi0p00,0.084,borrow,57,562,0.0,3,-0.6,-0.6,-0.60333437,0.9864774,0.103162676,0.103162676,1.0,0.008665665,0.084,0.0,0.012,0.6,0.6,-26.863245,2.1702936,0.7234312,0.120000005,0.0,0.1377456,0.0,0.0
hardzero_only__c0p58__z1p00__lam0p000__nu0p50__psi0p00,0.084,borrow,57,563,0.0,3,-0.6,-0.6,-0.61200005,1.0022764,0.0,0.0994772,0.0,0.0,0.084,0.0,0.012,0.6,0.6,-26.900848,2.2050521,0.7350174,0.16000001,0.0,0.13003941,0.0,0.0
hardzero_only__c0p58__z1p00__lam0p000__nu0p50__psi0p00,0.084,borrow,57,564,0.0,3,-0.6,-0.6,-0.6035444,0.9971339,0.10066212,0.10066212,1.0,0.008455618,0.084,0.0,0.012,0.6,0.6,-26.808369,2.1937385,0.7312462,0.14400001,0.0,0.12953821,0.0,0.0
hardzero_only__c0p58__z1p00__lam0p000__nu0p50__psi0p00,0.084,borrow,57,565,0.0,3,-0.6,-0.6,-0.61200005,1.0265613,0.0,0.094067305,0.0,0.0,0.084,0.0,0.012,0.6,0.6,-27.533337,2.2584798,0.75282663,0.136,0.0,0.13084583,0.0,0.0
hardzero_only__c0p58__z1p00__lam0p000__nu0p50__psi0p00,0.084,borrow,57,566,0.0,3,-0.6,-0.6,-0.60306185,0.97302955,0.10640707,0.10640707,1.0,0.008938193,0.084,0.0,0.012,0.6,0.6,-26.46454,2.1407077,0.7135693,0.136,0.0,0.15475833,0.0,0.0
hardzero_only__c0p58__z1p00__lam0p000__nu0p50__psi0p00,0.084,borrow,57,567,0.0,3,-0.6,-0.6,-0.6032937,0.9844437,0.103646874,0.103646874,1.0,0.008706338,0.084,0.0,0.012,0.6,0.6,-27.199282,2.1658194,0.7219398,0.136,0.0,0.13181409,0.0,0.0
hardzero_only__c0p58__z1p00__lam0p000__nu0p50__psi0p00,0.084,borrow,57,568,0.0,3,-0.6,-0.6,-0.60283875,0.96232325,0.10906281,0.10906281,1.0,0.009161276,0.084,0.0,0.012,0.6,0.6,-26.162783,2.1171534,0.7057178,0.208,0.0,0.12415101,0.0,0.0
hardzero_only__c0p58__z1p00__lam0p000__nu0p50__psi0p00,0.084,borrow,57,569,0.0,3,-0.6,-0.6,-0.602767,0.9589338,0.10991734,0.10991734,1.0,0.009233057,0.084,0.0,0.012,0.6,0.6,-26.220823,2.1096964,0.70323217,0.23200001,0.0,0.112899594,0.0,0.0
hardzero_only__c0p58__z1p00__lam0p000__nu0p50__psi0p00,0.084,borrow,57,570,0.0,3,-0.6,-0.6,-0.6028513,0.962916,0.10891408,0.10891408,1.0,0.009148782,0.084,0.0,0.012,0.6,0.6,-26.429014,2.1184576,0.70615256,0.17600001,0.0,0.14467639,0.0,0.0
hardzero_only__c0p58__z1p00__lam0p000__nu0p50__psi0p00,0.084,borrow,57,571,0.0,3,-0.6,-0.6,-0.61200005,1.0374445,0.0,0.09173932,0.0,0.0,0.084,0.0,0.012,0.6,0.6,-27.458017,2.2824235,0.7608079,0.17600001,0.0,0.15209489,0.0,0.0
hardzero_only__c0p58__z1p00__lam0p000__nu0p50__psi0p00,0.084,borrow,57,572,0.0,3,-0.6,-0.6,-0.6034487,0.9922443,0.101801865,0.101801865,1.0,0.008551356,0.084,0.0,0.012,0.6,0.6,-26.102821,2.182981,0.72766036,0.14999999,0.0,0.15445063,0.0,0.0
hardzero_only__c0p58__z1p00__lam0p000__nu0p50__psi0p00,0.084,borrow,57,573,0.0,3,-0.6,-0.6,-0.6035176,0.99575907,0.10098129,0.10098129,1.0,0.008482428,0.084,0.0,0.012,0.6,0.6,-26.883839,2.1907136,0.7302379,0.16000001,0.0,0.13113436,0.0,0.0
hardzero_only__c0p58__z1p00__lam0p000__nu0p50__psi0p00,0.084,borrow,57,574,0.0,3,-0.6,-0.6,-0.60356885,0.99839145,0.10037107,0.10037107,1.0,0.00843117,0.084,0.0,0.012,0.6,0.6,-26.504658,2.196505,0.7321684,0.136,0.0,0.12803552,0.0,0.0
hardzero_only__c0p58__z1p00__lam0p000__nu0p50__psi0p00,0.084,borrow,57,575,0.0,3,-0.6,-0.6,-0.6025042,0.9467458,0.11304573,0.11304573,1.0,0.009495841,0.084,0.0,0.012,0.6,0.6,-26.11393,2.0828824,0.69429415,0.18400002,0.0,0.10654705,0.0,0.0
hardzero_only__c0p58__z1p00__lam0p000__nu0p50__psi0p00,0.084,borrow,57,576,0.0,3,-0.6,-0.6,-0.6035651,0.9981974,0.10041592,0.10041592,1.0,0.008434937,0.084,0.0,0.012,0.6,0.6,-26.782349,2.196078,0.73202604,0.15200001,0.0,0.16826317,0.0,0.0
hardzero_only__c0p58__z1p00__lam0p000__nu0p50__psi0p00,0.084,borrow,57,577,0.0,3,-0.6,-0.6,-0.60267764,0.95475197,0.11098085,0.11098085,1.0,0.009322392,0.084,0.0,0.012,0.6,0.6,-26.81744,2.1004963,0.70016545,0.112,0.0,0.15043312,0.0,0.0
hardzero_only__c0p58__z1p00__lam0p000__nu0p50__psi0p00,0.084,borrow,57,578,0.0,3,-0.6,-0.6,-0.61200005,1.0027205,0.0,0.09937553,0.0,0.0,0.084,0.0,0.012,0.6,0.6,-27.100502,2.2060292,0.7353431,0.112,0.0,0.15855257,0.0,0.0
hardzero_only__c0p58__z1p00__lam0p000__nu0p50__psi0p00,0.084,borrow,57,579,0.0,3,-0.6,-0.6,-0.61200005,1.0084454,0.0,0.09807417,0.0,0.0,0.084,0.0,0.012,0.6,0.6,-27.15146,2.218624,0.7395414,0.16800001,0.0,0.12711284,0.0,0.0
hardzero_only__c0p58__z1p00__lam0p000__nu0p50__psi0p00,0.084,borrow,57,580,0.0,3,-0.6,-0.6,-0.60312545,0.9761301,0.10565009,0.10565009,1.0,0.008874607,0.084,0.0,0.012,0.6,0.6,-26.523504,2.1475291,0.7158431,0.16000001,0.0,0.12305551,0.0,0.0
hardzero_only__c0p58__z1p00__lam0p000__nu0p50__psi0p00,0.084,borrow,57,581,0.0,3,-0.6,-0.6,-0.6029867,0.96939373,0.1073016,0.1073016,1.0,0.009013334,0.084,0.0,0.012,0.6,0.6,-27.221302,2.1327088,0.7109029,0.2,0.0,0.18283312,0.0,0.0
hardzero_only__c0p58__z1p00__lam0p000__nu0p50__psi0p00,0.084,borrow,57,582,0.0,3,-0.6,-0.6,-0.61200005,1.0036893,0.0,0.09915411,0.0,0.0,0.084,0.0,0.012,0.6,0.6,-26.97091,2.2081606,0.7360536,0.128,0.0,0.138417,0.0,0.0
hardzero_only__c0p58__z1p00__lam0p000__nu0p50__psi0p00,0.084,borrow,57,583,0.0,3,-0.6,-0.6,-0.60313755,0.9767225,0.10550607,0.10550607,1.0,0.008862509,0.084,0.0,0.012,0.6,0.6,-26.233488,2.1488323,0.7162775,0.16000001,0.0,0.13969584,0.0,0.0
hardzero_only__c0p58__z1p00__lam0p000__nu0p50__psi0p00,0.084,borrow,57,584,0.0,3,-0.6,-0.6,-0.61200005,1.0086273,0.0,0.09803309,0.0,0.0,0.084,0.0,0.012,0.6,0.6,-27.413376,2.2190244,0.7396748,0.17600001,0.0,0.13836974,0.0,0.0
hardzero_only__c0p58__z1p00__lam0p000__nu0p50__psi0p00,0.084,borrow,57,585,0.0,3,-0.6,-0.6,-0.6033797,0.98875695,0.10262259,0.10262259,1.0,0.008620298,0.084,0.0,0.012,0.6,0.6,-26.393785,2.1753087,0.7251029,0.14,0.0,0.13118772,0.0,0.0
hardzero_only__c0p58__z1p00__lam0p000__nu0p50__psi0p00,0.084,borrow,57,586,0.0,3,-0.6,-0.6,-0.60306174,0.973024,0.10640841,0.10640841,1.0,0.008938306,0.084,0.0,0.012,0.6,0.6,-26.17709,2.1406956,0.71356523,0.14400001,0.0,0.12270882,0.0,0.0
hardzero_only__c0p58__z1p00__lam0p000__nu0p50__psi0p00,0.084,borrow,57,587,0.0,3,-0.6,-0.6,-0.61200005,1.0084567,0.0,0.09807159,0.0,0.0,0.084,0.0,0.012,0.6,0.6,-26.69065,2.2186491,0.73954976,0.16800001,0.0,0.14214353,0.0,0.0
hardzero_only__c0p58__z1p00__lam0p000__nu0p50__psi0p00,0.084,borrow,57,588,0.0,3,-0.6,-0.6,-0.60318625,0.979116,0.104926206,0.104926206,1.0,0.008813801,0.084,0.0,0.012,0.6,0.6,-26.427534,2.1540983,0.7180328,0.24000001,0.0,0.14545171,0.0,0.0
hardzero_only__c0p58__z1p00__lam0p000__nu0p50__psi0p00,0.084,borrow,57,589,0.0,3,-0.6,-0.6,-0.60246307,0.9448678,0.11353564,0.11353564,1.0,0.009536994,0.084,0.0,0.012,0.6,0.6,-26.415033,2.0787506,0.69291687,0.14400001,0.0,0.1414566,0.0,0.0
hardzero_only__c0p58__z1p00__lam0p000__nu0p50__psi0p00,0.084,borrow,57,590,0.0,3,-0.6,-0.6,-0.61200005,1.0060209,0.0,0.09862321,0.0,0.0,0.084,0.0,0.012,0.6,0.6,-26.148643,2.2132902,0.7377634,0.15200001,0.0,0.12951355,0.0,0.0
hardzero_only__c0p58__z1p00__lam0p000__nu0p50__psi0p00,0.084,borrow,57,591,0.0,3,-0.6,-0.6,-0.61200005,1.0099239,0.0,0.09774083,0.0,0.0,0.084,0.0,0.012,0.6,0.6,-26.519814,2.221877,0.74062574,0.18400002,0.0,0.1340387,0.0,0.0
hardzero_only__c0p58__z1p00__lam0p000__nu0p50__psi0p00,0.084,borrow,57,592,0.0,3,-0.6,-0.6,-0.60285455,0.96307206,0.108874954,0.108874954,1.0,0.009145496,0.084,0.0,0.012,0.6,0.6,-25.792938,2.1188009,0.706267,0.224,0.0,0.116891764,0.0,0.0
hardzero_only__c0p58__z1p00__lam0p000__nu0p50__psi0p00,0.084,borrow,57,593,0.0,3,-0.6,-0.6,-0.6032367,0.9816078,0.104325905,0.104325905,1.0,0.008763376,0.084,0.0,0.012,0.6,0.6,-26.817305,2.1595802,0.7198601,0.16000001,0.0,0.16875045,0.0,0.0
hardzero_only__c0p58__z1p00__lam0p000__nu0p50__psi0p00,0.084,borrow,57,594,0.0,3,-0.6,-0.6,-0.6034641,0.9930302,0.10161781,0.10161781,1.0,0.008535896,0.084,0.0,0.012,0.6,0.6,-27.531834,2.18471,0.7282367,0.15200001,0.0,0.13443929,0.0,0.0
hardzero_only__c0p58__z1p00__lam0p000__nu0p50__psi0p00,0.084,borrow,57,595,0.0,3,-0.6,-0.6,-0.6033816,0.9888494,0.10260077,0.10260077,1.0,0.008618465,0.084,0.0,0.012,0.6,0.6,-26.175879,2.175512,0.72517073,0.192,0.0,0.13614558,0.0,0.0
hardzero_only__c0p58__z1p00__lam0p000__nu0p50__psi0p00,0.084,borrow,57,596,0.0,3,-0.6,-0.6,-0.6034635,0.9929952,0.101626,0.101626,1.0,0.008536584,0.084,0.0,0.012,0.6,0.6,-26.61897,2.184633,0.72821105,0.208,0.0,0.12293217,0.0,0.0
hardzero_only__c0p58__z1p00__lam0p000__nu0p50__psi0p00,0.084,borrow,57,597,0.0,3,-0.6,-0.6,-0.61200005,1.0354302,0.0,0.09216579,0.0,0.0,0.084,0.0,0.012,0.6,0.6,-27.618,2.277992,0.7593307,0.17600001,0.008,0.14239977,0.0,0.0
hardzero_only__c0p58__z1p00__lam0p000__nu0p50__psi0p00,0.084,borrow,57,598,0.0,3,-0.6,-0.6,-0.61200005,1.0594914,0.0,0.0871984,0.0,0.0,0.084,0.0,0.012,0.6,0.6,-27.16674,2.3309276,0.77697587,0.12,0.0,0.1546573,0.0,0.0
hardzero_only__c0p58__z1p00__lam0p000__nu0p50__psi0p00,0.084,borrow,57,599,0.0,3,-0.6,-0.6,-0.60294867,0.96756464,0.10775448,0.10775448,1.0,0.009051376,0.084,0.0,0.012,0.6,0.6,-27.348516,2.1286848,0.7095616,0.224,0.0,0.13501559,0.0,0.0
hardzero_only__c0p58__z1p00__lam0p000__nu0p50__psi0p00,0.084,borrow,57,600,0.0,3,-0.6,-0.6,-0.61200005,1.0110444,0.0,0.097488984,0.0,0.0,0.084,0.0,0.012,0.6,0.6,-26.385693,2.224342,0.7414474,0.17600001,0.0,0.17110644,0.0,0.0
hardzero_only__c0p58__z1p00__lam0p000__nu0p50__psi0p00,0.084,borrow,57,601,0.0,3,-0.6,-0.6,-0.61200005,1.0028154,0.0,0.099353835,0.0,0.0,0.084,0.0,0.012,0.6,0.6,-26.281471,2.2062378,0.7354126,0.16800001,0.0,0.15543035,0.0,0.0
hardzero_only__c0p58__z1p00__lam0p000__nu0p50__psi0p00,0.084,borrow,57,602,0.0,3,-0.6,-0.6,-0.6028171,0.96129805,0.10932057,0.10932057,1.0,0.009182928,0.084,0.0,0.012,0.6,0.6,-27.089436,2.114898,0.704966,0.2,0.0,0.16181138,0.0,0.0
hardzero_only__c0p58__z1p00__lam0p000__nu0p50__psi0p00,0.084,borrow,57,603,0.0,3,-0.6,-0.6,-0.6031019,0.97498137,0.105929896,0.105929896,1.0,0.008898111,0.084,0.0,0.012,0.6,0.6,-27.196127,2.145002,0.7150006,0.14400001,0.0,0.1551577,0.0,0.0
hardzero_only__c0p58__z1p00__lam0p000__nu0p50__psi0p00,0.084,borrow,57,604,0.0,3,-0.6,-0.6,-0.6034619,0.99291563,0.10164461,0.10164461,1.0,0.008538147,0.084,0.0,0.012,0.6,0.6,-26.577871,2.184458,0.7281527,0.24000001,0.008,0.14474285,0.0,0.0
hardzero_only__c0p58__z1p00__lam0p000__nu0p50__psi0p00,0.084,borrow,57,605,0.0,3,-0.6,-0.6,-0.61200005,1.0038179,0.0,0.09912476,0.0,0.0,0.084,0.0,0.012,0.6,0.6,-27.065256,2.2084434,0.7361478,0.14400001,0.0,0.14153473,0.0,0.0
hardzero_only__c0p58__z1p00__lam0p000__nu0p50__psi0p00,0.084,borrow,57,606,0.0,3,-0.6,-0.6,-0.6024903,0.9461095,0.1132115,0.1132115,1.0,0.009509766,0.084,0.0,0.012,0.6,0.6,-25.358696,2.0814824,0.6938275,0.2,0.0,0.14263411,0.0,0.0
hardzero_only__c0p58__z1p00__lam0p000__nu0p50__psi0p00,0.084,borrow,57,607,0.0,3,-0.6,-0.6,-0.61200005,1.003643,0.0,0.09916465,0.0,0.0,0.084,0.0,0.012,0.6,0.6,-27.395037,2.2080588,0.7360196,0.2,0.0,0.15793814,0.0,0.0
hardzero_only__c0p58__z1p00__lam0p000__nu0p50__psi0p00,0.084,borrow,57,608,0.0,3,-0.6,-0.6,-0.602666,0.95421153,0.11111903,0.11111903,1.0,0.009333999,0.084,0.0,0.012,0.6,0.6,-26.076675,2.0993073,0.69976914,0.192,0.0,0.12899408,0.0,0.0
hardzero_only__c0p58__z1p00__lam0p000__nu0p50__psi0p00,0.084,borrow,57,609,0.0,3,-0.6,-0.6,-0.61200005,1.001383,0.0,0.09968207,0.0,0.0,0.084,0.0,0.012,0.6,0.6,-26.847033,2.2030864,0.7343621,0.16000001,0.0,0.1288793,0.0,0.0
hardzero_only__c0p58__z1p00__lam0p000__nu0p50__psi0p00,0.084,borrow,57,610,0.0,3,-0.6,-0.6,-0.6035176,0.9957579,0.100981556,0.100981556,1.0,0.008482451,0.084,0.0,0.012,0.6,0.6,-26.33877,2.190711,0.730237,0.16800001,0.0,0.13908215,0.0,0.0
hardzero_only__c0p58__z1p00__lam0p000__nu0p50__psi0p00,0.084,borrow,57,611,0.0,3,-0.6,-0.6,-0.61200005,1.0073091,0.0,0.09833111,0.0,0.0,0.084,0.0,0.012,0.6,0.6,-27.555027,2.2161243,0.73870814,0.21,0.0,0.13913651,0.0,0.0
hardzero_only__c0p58__z1p00__lam0p000__nu0p50__psi0p00,0.084,borrow,57,612,0.0,3,-0.6,-0.6,-0.61200005,1.0136763,0.0,0.096899986,0.0,0.0,0.084,0.0,0.012,0.6,0.6,-26.216938,2.2301323,0.74337745,0.112,0.0,0.13471816,0.0,0.0
hardzero_only__c0p58__z1p00__lam0p000__nu0p50__psi0p00,0.084,borrow,57,613,0.0,3,-0.6,-0.6,-0.61200005,1.0289145,0.0,0.093559,0.0,0.0,0.084,0.0,0.012,0.6,0.6,-27.550072,2.263657,0.75455236,0.18400002,0.0,0.15880218,0.0,0.0
hardzero_only__c0p58__z1p00__lam0p000__nu0p50__psi0p00,0.084,borrow,57,614,0.0,3,-0.6,-0.6,-0.60358095,0.99901515,0.10022702,0.10022702,1.0,0.008419069,0.084,0.0,0.012,0.6,0.6,-26.507317,2.1978772,0.7326257,0.17600001,0.0,0.13542233,0.0,0.0
hardzero_only__c0p58__z1p00__lam0p000__nu0p50__psi0p00,0.084,borrow,57,615,0.0,3,-0.6,-0.6,-0.6030641,0.9731386,0.10638035,0.10638035,1.0,0.00893595,0.084,0.0,0.012,0.6,0.6,-26.852228,2.1409476,0.7136492,0.16800001,0.0,0.15107515,0.0,0.0
hardzero_only__c0p58__z1p00__lam0p000__nu0p50__psi0p00,0.084,borrow,57,616,0.0,3,-0.6,-0.6,-0.61200005,1.0284456,0.0,0.09366005,0.0,0.0,0.084,0.0,0.012,0.6,0.6,-28.391512,2.2626255,0.7542085,0.16000001,0.0,0.1370571,0.0,0.0
hardzero_only__c0p58__z1p00__lam0p000__nu0p50__psi0p00,0.084,borrow,57,617,0.0,3,-0.6,-0.6,-0.60309225,0.9745099,0.10604498,0.10604498,1.0,0.008907778,0.084,0.0,0.012,0.6,0.6,-26.770191,2.1439645,0.71465486,0.224,0.0,0.14665322,0.0,0.0
hardzero_only__c0p58__z1p00__lam0p000__nu0p50__psi0p00,0.084,borrow,57,618,0.0,3,-0.6,-0.6,-0.61200005,1.0264103,0.0,0.09410001,0.0,0.0,0.084,0.0,0.012,0.6,0.6,-27.24096,2.2581477,0.75271595,0.16800001,0.0,0.1466059,0.0,0.0
hardzero_only__c0p58__z1p00__lam0p000__nu0p50__psi0p00,0.084,borrow,57,619,0.0,3,-0.6,-0.6,-0.6033538,0.98745024,0.102931835,0.102931835,1.0,0.008646274,0.084,0.0,0.012,0.6,0.6,-26.717688,2.1724339,0.72414464,0.16800001,0.0,0.13115221,0.0,0.0
hardzero_only__c0p58__z1p00__lam0p000__nu0p50__psi0p00,0.084,borrow,57,620,0.0,3,-0.6,-0.6,-0.60328656,0.9840869,0.103732094,0.103732094,1.0,0.008713496,0.084,0.0,0.012,0.6,0.6,-25.968262,2.1650343,0.72167814,0.15200001,0.0,0.13419303,0.0,0.0
hardzero_only__c0p58__z1p00__lam0p000__nu0p50__psi0p00,0.084,borrow,57,621,0.0,3,-0.6,-0.6,-0.61200005,1.0717095,0.0,0.08477943,0.0,0.0,0.084,0.0,0.012,0.6,0.6,-28.051546,2.357808,0.78593606,0.128,0.0,0.15451086,0.0,0.0
hardzero_only__c0p58__z1p00__lam0p000__nu0p50__psi0p00,0.084,borrow,57,622,0.0,3,-0.6,-0.6,-0.61200005,1.0277767,0.0,0.09380442,0.0,0.0,0.084,0.0,0.012,0.6,0.6,-27.662569,2.261154,0.753718,0.16800001,0.0,0.14698344,0.0,0.0
hardzero_only__c0p58__z1p00__lam0p000__nu0p50__psi0p00,0.084,borrow,57,623,0.0,3,-0.6,-0.6,-0.6025913,0.9507476,0.11200886,0.11200886,1.0,0.009408744,0.084,0.0,0.012,0.6,0.6,-26.111248,2.0916865,0.69722885,0.2,0.0,0.13880304,0.0,0.0
hardzero_only__c0p58__z1p00__lam0p000__nu0p50__psi0p00,0.084,borrow,57,624,0.0,3,-0.6,-0.6,-0.61200005,1.0498532,0.0,0.089155234,0.0,0.0,0.084,0.0,0.012,0.6,0.6,-28.94836,2.3097231,0.7699077,0.099999994,0.0,0.15706533,0.0,0.0
hardzero_only__c0p58__z1p00__lam0p000__nu0p50__psi0p00,0.084,borrow,57,625,0.0,3,-0.6,-0.6,-0.6021144,0.9292739,0.11768634,0.11768634,1.0,0.009885652,0.084,0.0,0.012,0.6,0.6,-25.195232,2.0444434,0.6814811,0.192,0.0,0.13466303,0.0,0.0
hardzero_only__c0p58__z1p00__lam0p000__nu0p50__psi0p00,0.084,borrow,57,626,0.0,3,-0.6,-0.6,-0.61200005,1.0040365,0.0,0.099074855,0.0,0.0,0.084,0.0,0.012,0.6,0.6,-26.53463,2.2089245,0.7363082,0.16000001,0.0,0.12801692,0.0,0.0
hardzero_only__c0p58__z1p00__lam0p000__nu0p50__psi0p00,0.084,borrow,57,627,0.0,3,-0.6,-0.6,-0.60305876,0.97287935,0.10644386,0.10644386,1.0,0.008941284,0.084,0.0,0.012,0.6,0.6,-26.574581,2.1403773,0.71345913,0.16000001,0.0,0.15600975,0.0,0.0
hardzero_only__c0p58__z1p00__lam0p000__nu0p50__psi0p00,0.084,borrow,57,628,0.0,3,-0.6,-0.6,-0.61200005,1.0191517,0.0,0.09568598,0.0,0.0,0.084,0.0,0.012,0.6,0.6,-27.126585,2.2421784,0.74739283,0.17600001,0.0,0.17624217,0.0,0.0
hardzero_only__c0p58__z1p00__lam0p000__nu0p50__psi0p00,0.084,borrow,57,629,0.0,3,-0.6,-0.6,-0.6034584,0.9927389,0.10168599,0.10168599,1.0,0.008541623,0.084,0.0,0.012,0.6,0.6,-26.498695,2.1840692,0.72802305,0.14400001,0.0,0.14558764,0.0,0.0
hardzero_only__c0p58__z1p00__lam0p000__nu0p50__psi0p00,0.084,borrow,57,630,0.0,3,-0.6,-0.6,-0.61200005,1.0260829,0.0,0.09417097,0.0,0.0,0.084,0.0,0.012,0.6,0.6,-27.000212,2.2574275,0.75247586,0.192,0.0,0.1617199,0.0,0.0
hardzero_only__c0p58__z1p00__lam0p000__nu0p50__psi0p00,0.084,borrow,57,631,0.0,3,-0.6,-0.6,-0.60250527,0.9467939,0.11303322,0.11303322,1.0,0.009494791,0.084,0.0,0.012,0.6,0.6,-25.50426,2.0829883,0.69432944,0.2,0.0,0.13341406,0.0,0.0
hardzero_only__c0p58__z1p00__lam0p000__nu0p50__psi0p00,0.084,borrow,57,632,0.0,3,-0.6,-0.6,-0.6033242,0.9859674,0.10328388,0.10328388,1.0,0.008675846,0.084,0.0,0.012,0.6,0.6,-26.793184,2.1691716,0.7230572,0.128,0.0,0.15863971,0.0,0.0
hardzero_only__c0p58__z1p00__lam0p000__nu0p50__psi0p00,0.084,borrow,57,633,0.0,3,-0.6,-0.6,-0.61200005,1.0230579,0.0,0.09482918,0.0,0.0,0.084,0.0,0.012,0.6,0.6,-27.273,2.2507725,0.7502575,0.16800001,0.0,0.15381753,0.0,0.0
hardzero_only__c0p58__z1p00__lam0p000__nu0p50__psi0p00,0.084,borrow,57,634,0.0,3,-0.6,-0.6,-0.61200005,1.0344858,0.0,0.092366435,0.0,0.0,0.084,0.0,0.012,0.6,0.6,-27.02539,2.2759142,0.7586381,0.080000006,0.0,0.14598422,0.0,0.0
hardzero_only__c0p58__z1p00__lam0p000__nu0p50__psi0p00,0.084,borrow,57,635,0.0,3,-0.6,-0.6,-0.60350627,0.9951797,0.10111609,0.10111609,1.0,0.008493751,0.084,0.0,0.012,0.6,0.6,-26.844646,2.189439,0.72981304,0.192,0.0,0.1494531,0.0,0.0
hardzero_only__c0p58__z1p00__lam0p000__nu0p50__psi0p00,0.084,borrow,57,636,0.0,3,-0.6,-0.6,-0.60317564,0.9785925,0.105052754,0.105052754,1.0,0.008824431,0.084,0.0,0.012,0.6,0.6,-25.75537,2.1529465,0.71764886,0.224,0.0,0.1253122,0.0,0.0
hardzero_only__c0p58__z1p00__lam0p000__nu0p50__psi0p00,0.084,borrow,57,637,0.0,3,-0.6,-0.6,-0.61200005,1.0124463,0.0,0.09717481,0.0,0.0,0.084,0.0,0.012,0.6,0.6,-27.086191,2.2274263,0.74247545,0.17999999,0.0,0.14621226,0.0,0.0
hardzero_only__c0p58__z1p00__lam0p000__nu0p50__psi0p00,0.084,borrow,57,638,0.0,3,-0.6,-0.6,-0.60301787,0.9708975,0.10693071,0.10693071,1.0,0.00898218,0.084,0.0,0.012,0.6,0.6,-26.653612,2.136017,0.71200573,0.17600001,0.0,0.11317823,0.0,0.0
hardzero_only__c0p58__z1p00__lam0p000__nu0p50__psi0p00,0.084,borrow,57,639,0.0,3,-0.6,-0.6,-0.6030003,0.9700473,0.10714025,0.10714025,1.0,0.008999781,0.084,0.0,0.012,0.6,0.6,-26.226532,2.1341467,0.71138227,0.208,0.0,0.12973958,0.0,0.0
hardzero_only__c0p58__z1p00__lam0p000__nu0p50__psi0p00,0.084,borrow,57,640,0.0,3,-0.6,-0.6,-0.61200005,1.0264747,0.0,0.09408606,0.0,0.0,0.084,0.0,0.012,0.6,0.6,-27.043121,2.2582896,0.7527632,0.064,0.0,0.13728859,0.0,0.0
hardzero_only__c0p58__z1p00__lam0p000__nu0p50__psi0p00,0.084,borrow,57,641,0.0,3,-0.6,-0.6,-0.6031646,0.9780513,0.10518376,0.10518376,1.0,0.008835436,0.084,0.0,0.012,0.6,0.6,-26.180975,2.1517558,0.71725196,0.15200001,0.0,0.13287641,0.0,0.0
hardzero_only__c0p58__z1p00__lam0p000__nu0p50__psi0p00,0.084,borrow,57,642,0.0,3,-0.6,-0.6,-0.60323393,0.9814707,0.104358844,0.104358844,1.0,0.008766143,0.084,0.0,0.012,0.6,0.6,-26.985739,2.1592786,0.7197596,0.2,0.008,0.13727897,0.0,0.0
hardzero_only__c0p58__z1p00__lam0p000__nu0p50__psi0p00,0.084,borrow,57,643,0.0,3,-0.6,-0.6,-0.61200005,1.0185931,0.0,0.09580914,0.0,0.0,0.084,0.0,0.012,0.6,0.6,-27.101255,2.2409496,0.74698323,0.120000005,0.0,0.13726224,0.0,0.0
hardzero_only__c0p58__z1p00__lam0p000__nu0p50__psi0p00,0.084,borrow,57,644,0.0,3,-0.6,-0.6,-0.6035715,0.9985254,0.100340106,0.100340106,1.0,0.008428569,0.084,0.0,0.012,0.6,0.6,-26.811665,2.1967998,0.7322666,0.18400002,0.0,0.135188,0.0,0.0
hardzero_only__c0p58__z1p00__lam0p000__nu0p50__psi0p00,0.084,borrow,57,645,0.0,3,-0.6,-0.6,-0.6034614,0.99288887,0.10165087,0.10165087,1.0,0.008538673,0.084,0.0,0.012,0.6,0.6,-27.49221,2.1843991,0.7281331,0.192,0.0,0.1571323,0.0,0.0
hardzero_only__c0p58__z1p00__lam0p000__nu0p50__psi0p00,0.084,borrow,57,646,0.0,3,-0.6,-0.6,-0.6025843,0.9504252,0.112092055,0.112092055,1.0,0.009415733,0.084,0.0,0.012,0.6,0.6,-25.853474,2.0909772,0.6969924,0.16800001,0.0,0.11576589,0.0,0.0
hardzero_only__c0p58__z1p00__lam0p000__nu0p50__psi0p00,0.084,borrow,57,647,0.0,3,-0.6,-0.6,-0.61200005,1.0398757,0.0,0.09122717,0.0,0.0,0.084,0.0,0.012,0.6,0.6,-27.951399,2.2877724,0.7625908,0.18400002,0.0,0.16000453,0.0,0.0
hardzero_only__c0p58__z1p00__lam0p000__nu0p50__psi0p00,0.084,borrow,57,648,0.0,3,-0.6,-0.6,-0.6025955,0.9509404,0.11195915,0.11195915,1.0,0.009404569,0.084,0.0,0.012,0.6,0.6,-25.71803,2.0921106,0.69737023,0.15200001,0.0,0.12227654,0.0,0.0
hardzero_only__c0p58__z1p00__lam0p000__nu0p50__psi0p00,0.084,borrow,57,649,0.0,3,-0.6,-0.6,-0.61200005,1.0084902,0.0,0.09806404,0.0,0.0,0.084,0.0,0.012,0.6,0.6,-27.29072,2.2187228,0.7395743,0.104,0.0,0.15023005,0.0,0.0
hardzero_only__c0p58__z1p00__lam0p000__nu0p50__psi0p00,0.084,borrow,57,650,0.0,3,-0.6,-0.6,-0.61200005,1.023197,0.0,0.094798826,0.0,0.0,0.084,0.0,0.012,0.6,0.6,-27.558634,2.2510784,0.7503595,0.11,0.0,0.12925795,0.0,0.0
hardzero_only__c0p58__z1p00__lam0p000__nu0p50__psi0p00,0.084,borrow,57,651,0.0,3,-0.6,-0.6,-0.61200005,1.0071385,0.0,0.098369725,0.0,0.0,0.084,0.0,0.012,0.6,0.6,-28.03312,2.215749,0.738583,0.216,0.0,0.17907514,0.0,0.0
hardzero_only__c0p58__z1p00__lam0p000__nu0p50__psi0p00,0.084,borrow,57,652,0.0,3,-0.6,-0.6,-0.61200005,1.0094554,0.0,0.09784634,0.0,0.0,0.084,0.0,0.012,0.6,0.6,-27.864388,2.2208464,0.7402822,0.15200001,0.0,0.1825701,0.0,0.0
hardzero_only__c0p58__z1p00__lam0p000__nu0p50__psi0p00,0.084,borrow,57,653,0.0,3,-0.6,-0.6,-0.60221267,0.93361247,0.11651653,0.11651653,1.0,0.009787388,0.084,0.0,0.012,0.6,0.6,-25.526133,2.0539885,0.6846628,0.16000001,0.0,0.12873311,0.0,0.0
hardzero_only__c0p58__z1p00__lam0p000__nu0p50__psi0p00,0.084,borrow,57,654,0.0,3,-0.6,-0.6,-0.61200005,1.0120093,0.0,0.09727265,0.0,0.0,0.084,0.0,0.012,0.6,0.6,-27.260094,2.2264647,0.74215496,0.208,0.0,0.15613082,0.0,0.0
hardzero_only__c0p58__z1p00__lam0p000__nu0p50__psi0p00,0.084,borrow,57,655,0.0,3,-0.6,-0.6,-0.61200005,1.0412939,0.0,0.09092979,0.0,0.0,0.084,0.0,0.012,0.6,0.6,-27.429794,2.2908924,0.7636308,0.18400002,0.0,0.15030165,0.0,0.0
hardzero_only__c0p58__z1p00__lam0p000__nu0p50__psi0p00,0.084,borrow,57,656,0.0,3,-0.6,-0.6,-0.60279006,0.9600195,0.10964288,0.10964288,1.0,0.009210002,0.084,0.0,0.012,0.6,0.6,-26.602654,2.112085,0.70402837,0.224,0.008,0.14965768,0.0,0.0
hardzero_only__c0p58__z1p00__lam0p000__nu0p50__psi0p00,0.084,borrow,57,657,0.0,3,-0.6,-0.6,-0.61200005,1.0237596,0.0,0.09467611,0.0,0.0,0.084,0.0,0.012,0.6,0.6,-27.419132,2.252316,0.750772,0.14400001,0.0,0.17904046,0.0,0.0
hardzero_only__c0p58__z1p00__lam0p000__nu0p50__psi0p00,0.084,borrow,57,658,0.0,3,-0.6,-0.6,-0.61200005,1.0062543,0.0,0.0985702,0.0,0.0,0.084,0.0,0.012,0.6,0.6,-26.839699,2.2138038,0.7379346,0.14400001,0.0,0.12430115,0.0,0.0
hardzero_only__c0p58__z1p00__lam0p000__nu0p50__psi0p00,0.084,borrow,57,659,0.0,3,-0.6,-0.6,-0.61200005,1.0242087,0.0,0.094578266,0.0,0.0,0.084,0.0,0.012,0.6,0.6,-27.143929,2.253304,0.7511014,0.112,0.0,0.15200183,0.0,0.0
hardzero_only__c0p58__z1p00__lam0p000__nu0p50__psi0p00,0.084,borrow,57,660,0.0,3,-0.6,-0.6,-0.602306,0.93777454,0.1154052,0.1154052,1.0,0.009694037,0.084,0.0,0.012,0.6,0.6,-25.810598,2.0631452,0.68771505,0.192,0.0,0.14507072,0.0,0.0
hardzero_only__c0p58__z1p00__lam0p000__nu0p50__psi0p00,0.084,borrow,57,661,0.0,3,-0.6,-0.6,-0.6019461,0.9219441,0.119689465,0.119689465,1.0,0.010053915,0.084,0.0,0.012,0.6,0.6,-26.037834,2.0283175,0.67610586,0.2,0.0,0.12064235,0.0,0.0
hardzero_only__c0p58__z1p00__lam0p000__nu0p50__psi0p00,0.084,borrow,57,662,0.0,3,-0.6,-0.6,-0.60294276,0.96728086,0.10782492,0.10782492,1.0,0.009057294,0.084,0.0,0.012,0.6,0.6,-26.469355,2.1280603,0.70935345,0.120000005,0.0,0.14146799,0.0,0.0
hardzero_only__c0p58__z1p00__lam0p000__nu0p50__psi0p00,0.084,borrow,57,663,0.0,3,-0.6,-0.6,-0.61200005,1.0168972,0.0,0.096183985,0.0,0.0,0.084,0.0,0.012,0.6,0.6,-26.968866,2.2372186,0.7457396,0.16,0.0,0.1402345,0.0,0.0
hardzero_only__c0p58__z1p00__lam0p000__nu0p50__psi0p00,0.084,borrow,57,664,0.0,3,-0.6,-0.6,-0.60304356,0.9721424,0.106624655,0.106624655,1.0,0.0089564705,0.084,0.0,0.012,0.6,0.6,-27.547094,2.138756,0.7129187,0.17600001,0.0,0.1508908,0.0,0.0
hardzero_only__c0p58__z1p00__lam0p000__nu0p50__psi0p00,0.084,borrow,57,665,0.0,3,-0.6,-0.6,-0.6034664,0.99314386,0.101591215,0.101591215,1.0,0.008533662,0.084,0.0,0.012,0.6,0.6,-27.090605,2.1849601,0.72832006,0.192,0.0,0.1339504,0.0,0.0
hardzero_only__c0p58__z1p00__lam0p000__nu0p50__psi0p00,0.084,borrow,57,666,0.0,3,-0.6,-0.6,-0.60274905,0.95808965,0.110131174,0.110131174,1.0,0.009251018,0.084,0.0,0.012,0.6,0.6,-26.759705,2.1078393,0.7026131,0.15200001,0.0,0.1375457,0.0,0.0
hardzero_only__c0p58__z1p00__lam0p000__nu0p50__psi0p00,0.084,borrow,57,667,0.0,3,-0.6,-0.6,-0.61200005,1.0344222,0.0,0.09237998,0.0,0.0,0.084,0.0,0.012,0.6,0.6,-27.07788,2.2757742,0.7585914,0.15200001,0.0,0.134669,0.0,0.0
hardzero_only__c0p58__z1p00__lam0p000__nu0p50__psi0p00,0.084,borrow,57,668,0.0,3,-0.6,-0.6,-0.602794,0.96020657,0.10959568,0.10959568,1.0,0.009206037,0.084,0.0,0.012,0.6,0.6,-26.46841,2.1124966,0.7041656,0.16000001,0.0,0.14395696,0.0,0.0
hardzero_only__c0p58__z1p00__lam0p000__nu0p50__psi0p00,0.084,borrow,57,669,0.0,3,-0.6,-0.6,-0.61200005,1.0106504,0.0,0.09757747,0.0,0.0,0.084,0.0,0.012,0.6,0.6,-26.961243,2.2234752,0.7411584,0.136,0.0,0.14906898,0.0,0.0
hardzero_only__c0p58__z1p00__lam0p000__nu0p50__psi0p00,0.084,borrow,57,670,0.0,3,-0.6,-0.6,-0.60319036,0.9793196,0.10487703,0.10487703,1.0,0.008809671,0.084,0.0,0.012,0.6,0.6,-27.389101,2.154546,0.718182,0.15200001,0.0,0.14308013,0.0,0.0
hardzero_only__c0p58__z1p00__lam0p000__nu0p50__psi0p00,0.084,borrow,57,671,0.0,3,-0.6,-0.6,-0.60280746,0.9608425,0.10943531,0.10943531,1.0,0.009192566,0.084,0.0,0.012,0.6,0.6,-25.611372,2.1138957,0.7046319,0.14400001,0.0,0.1272034,0.0,0.0
hardzero_only__c0p58__z1p00__lam0p000__nu0p50__psi0p00,0.084,borrow,57,672,0.0,3,-0.6,-0.6,-0.61200005,1.0271801,0.0,0.09393338,0.0,0.0,0.084,0.0,0.012,0.6,0.6,-27.235075,2.2598412,0.7532804,0.14400001,0.0,0.14564373,0.0,0.0
hardzero_only__c0p58__z1p00__lam0p000__nu0p50__psi0p00,0.084,borrow,57,673,0.0,3,-0.6,-0.6,-0.6033269,0.98610294,0.10325165,0.10325165,1.0,0.008673139,0.084,0.0,0.012,0.6,0.6,-26.793283,2.1694698,0.72315663,0.2,0.0,0.14275265,0.0,0.0
hardzero_only__c0p58__z1p00__lam0p000__nu0p50__psi0p00,0.084,borrow,57,674,0.0,3,-0.6,-0.6,-0.61200005,1.0161473,0.0,0.09635022,0.0,0.0,0.084,0.0,0.012,0.6,0.6,-26.96051,2.2355685,0.74518955,0.192,0.008,0.15721498,0.0,0.0
hardzero_only__c0p58__z1p00__lam0p000__nu0p50__psi0p00,0.084,borrow,57,675,0.0,3,-0.6,-0.6,-0.6030151,0.97076464,0.10696345,0.10696345,1.0,0.00898493,0.084,0.0,0.012,0.6,0.6,-26.603018,2.1357248,0.7119083,0.17600001,0.0,0.15925696,0.0,0.0
hardzero_only__c0p58__z1p00__lam0p000__nu0p50__psi0p00,0.084,borrow,57,676,0.0,3,-0.6,-0.6,-0.6032966,0.98458695,0.1036127,0.1036127,1.0,0.0087034665,0.084,0.0,0.012,0.6,0.6,-27.480272,2.1661346,0.7220449,0.21,0.0,0.14472447,0.0,0.0
hardzero_only__c0p58__z1p00__lam0p000__nu0p50__psi0p00,0.084,borrow,57,677,0.0,3,-0.6,-0.6,-0.60265,0.9534641,0.111310445,0.111310445,1.0,0.009350077,0.084,0.0,0.012,0.6,0.6,-26.703829,2.097663,0.699221,0.18400002,0.0,0.13830104,0.0,0.0
hardzero_only__c0p58__z1p00__lam0p000__nu0p50__psi0p00,0.084,borrow,57,678,0.0,3,-0.6,-0.6,-0.6026527,0.9535923,0.111277595,0.111277595,1.0,0.009347318,0.084,0.0,0.012,0.6,0.6,-26.540976,2.097945,0.699315,0.2,0.0,0.13503323,0.0,0.0
hardzero_only__c0p58__z1p00__lam0p000__nu0p50__psi0p00,0.084,borrow,57,679,0.0,3,-0.6,-0.6,-0.60262173,0.9521542,0.11164666,0.11164666,1.0,0.00937832,0.084,0.0,0.012,0.6,0.6,-26.29189,2.0947812,0.6982604,0.208,0.0,0.120707296,0.0,0.0
hardzero_only__c0p58__z1p00__lam0p000__nu0p50__psi0p00,0.084,borrow,57,680,0.0,3,-0.6,-0.6,-0.61200005,1.0212615,0.0,0.09522226,0.0,0.0,0.084,0.0,0.012,0.6,0.6,-27.418798,2.24682,0.74894,0.15200001,0.0,0.14057378,0.0,0.0
hardzero_only__c0p58__z1p00__lam0p000__nu0p50__psi0p00,0.084,borrow,57,681,0.0,3,-0.6,-0.6,-0.6030564,0.9727645,0.10647203,0.10647203,1.0,0.008943651,0.084,0.0,0.012,0.6,0.6,-26.76124,2.1401246,0.71337485,0.14400001,0.0,0.14731278,0.0,0.0
hardzero_only__c0p58__z1p00__lam0p000__nu0p50__psi0p00,0.084,borrow,57,682,0.0,3,-0.6,-0.6,-0.61200005,1.0173796,0.0,0.096077204,0.0,0.0,0.084,0.0,0.012,0.6,0.6,-28.0257,2.2382798,0.7460933,0.2,0.0,0.15640293,0.0,0.0
hardzero_only__c0p58__z1p00__lam0p000__nu0p50__psi0p00,0.084,borrow,57,683,0.0,3,-0.6,-0.6,-0.60255283,0.9489756,0.1124668,0.1124668,1.0,0.0094472105,0.084,0.0,0.012,0.6,0.6,-26.01788,2.087788,0.6959294,0.216,0.0,0.11816213,0.0,0.0
hardzero_only__c0p58__z1p00__lam0p000__nu0p50__psi0p00,0.084,borrow,57,684,0.0,3,-0.6,-0.6,-0.61200005,1.0246705,0.0,0.09447774,0.0,0.0,0.084,0.0,0.012,0.6,0.6,-27.856348,2.2543201,0.75144005,0.128,0.0,0.1478066,0.0,0.0
hardzero_only__c0p58__z1p00__lam0p000__nu0p50__psi0p00,0.084,borrow,57,685,0.0,3,-0.6,-0.6,-0.6034303,0.9913084,0.10202146,0.10202146,1.0,0.008569803,0.084,0.0,0.012,0.6,0.6,-26.5934,2.180922,0.726974,0.18400002,0.0,0.13334084,0.0,0.0
hardzero_only__c0p58__z1p00__lam0p000__nu0p50__psi0p00,0.084,borrow,57,686,0.0,3,-0.6,-0.6,-0.61200005,1.0133597,0.0,0.096970655,0.0,0.0,0.084,0.0,0.012,0.6,0.6,-27.599558,2.2294357,0.7431452,0.208,0.0,0.14502248,0.0,0.0
hardzero_only__c0p58__z1p00__lam0p000__nu0p50__psi0p00,0.084,borrow,57,687,0.0,3,-0.6,-0.6,-0.6027597,0.9585926,0.110003725,0.110003725,1.0,0.0092403125,0.084,0.0,0.012,0.6,0.6,-26.161802,2.1089458,0.70298195,0.2,0.0,0.14597896,0.0,0.0
hardzero_only__c0p58__z1p00__lam0p000__nu0p50__psi0p00,0.084,borrow,57,688,0.0,3,-0.6,-0.6,-0.60331917,0.98571664,0.10334355,0.10334355,1.0,0.008680858,0.084,0.0,0.012,0.6,0.6,-27.03776,2.1686199,0.72287333,0.2,0.0,0.17182647,0.0,0.0
hardzero_only__c0p58__z1p00__lam0p000__nu0p50__psi0p00,0.084,borrow,57,689,0.0,3,-0.6,-0.6,-0.6032682,0.9831744,0.103950255,0.103950255,1.0,0.008731822,0.084,0.0,0.012,0.6,0.6,-27.073715,2.1630268,0.72100896,0.17,0.0,0.1549148,0.0,0.0
hardzero_only__c0p58__z1p00__lam0p000__nu0p50__psi0p00,0.084,borrow,57,690,0.0,3,-0.6,-0.6,-0.6033388,0.9866962,0.103110716,0.103110716,1.0,0.0086613,0.084,0.0,0.012,0.6,0.6,-25.94901,2.170775,0.7235917,0.104,0.0,0.13599457,0.0,0.0
hardzero_only__c0p58__z1p00__lam0p000__nu0p50__psi0p00,0.084,borrow,57,691,0.0,3,-0.6,-0.6,-0.61200005,1.0399817,0.0,0.09120492,0.0,0.0,0.084,0.0,0.012,0.6,0.6,-28.074284,2.2880054,0.7626685,0.18400002,0.0,0.16969231,0.0,0.0
hardzero_only__c0p58__z1p00__lam0p000__nu0p50__psi0p00,0.084,borrow,57,692,0.0,3,-0.6,-0.6,-0.60305774,0.9728301,0.10645594,0.10645594,1.0,0.008942299,0.084,0.0,0.012,0.6,0.6,-26.121916,2.140269,0.713423,0.16000001,0.0,0.12066396,0.0,0.0
hardzero_only__c0p58__z1p00__lam0p000__nu0p50__psi0p00,0.084,borrow,57,693,0.0,3,-0.6,-0.6,-0.61200005,1.0112426,0.0,0.09744452,0.0,0.0,0.084,0.0,0.012,0.6,0.6,-27.016434,2.2247782,0.74159276,0.136,0.0,0.14594351,0.0,0.0
hardzero_only__c0p58__z1p00__lam0p000__nu0p50__psi0p00,0.084,borrow,57,694,0.0,3,-0.6,-0.6,-0.61200005,1.0228442,0.0,0.09487588,0.0,0.0,0.084,0.0,0.012,0.6,0.6,-26.413736,2.250302,0.75010073,0.17600001,0.0,0.12999123,0.0,0.0
hardzero_only__c0p58__z1p00__lam0p000__nu0p50__psi0p00,0.084,borrow,57,695,0.0,3,-0.6,-0.6,-0.6029588,0.96805155,0.10763375,0.10763375,1.0,0.009041235,0.084,0.0,0.012,0.6,0.6,-26.880337,2.129756,0.7099187,0.23200001,0.0,0.11597102,0.0,0.0
hardzero_only__c0p58__z1p00__lam0p000__nu0p50__psi0p00,0.084,borrow,57,696,0.0,3,-0.6,-0.6,-0.61200005,1.0067447,0.0,0.09845896,0.0,0.0,0.084,0.0,0.012,0.6,0.6,-27.512281,2.2148826,0.73829424,0.128,0.0,0.15479513,0.0,0.0
hardzero_only__c0p58__z1p00__lam0p000__nu0p50__psi0p00,0.084,borrow,57,697,0.0,3,-0.6,-0.6,-0.61200005,1.003508,0.0,0.09919552,0.0,0.0,0.084,0.0,0.012,0.6,0.6,-26.939539,2.2077615,0.73592055,0.16000001,0.0,0.14764977,0.0,0.0
hardzero_only__c0p58__z1p00__lam0p000__nu0p50__psi0p00,0.084,borrow,57,698,0.0,3,-0.6,-0.6,-0.61200005,1.0114441,0.0,0.09739932,0.0,0.0,0.084,0.0,0.012,0.6,0.6,-27.1226,2.2252214,0.74174047,0.216,0.0,0.15249503,0.0,0.0
hardzero_only__c0p58__z1p00__lam0p000__nu0p50__psi0p00,0.084,borrow,57,699,0.0,3,-0.6,-0.6,-0.61200005,1.0047963,0.0,0.09890169,0.0,0.0,0.084,0.0,0.012,0.6,0.6,-27.527954,2.2105958,0.7368653,0.15200001,0.0,0.18453246,0.0,0.0
hardzero_only__c0p58__z1p00__lam0p000__nu0p50__psi0p00,0.084,borrow,57,700,0.0,3,-0.6,-0.6,-0.61200005,1.003827,0.0,0.09912267,0.0,0.0,0.084,0.0,0.012,0.6,0.6,-27.080793,2.2084634,0.7361545,0.192,0.0,0.14290567,0.0,0.0
hardzero_only__c0p58__z1p00__lam0p000__nu0p50__psi0p00,0.084,borrow,57,701,0.0,3,-0.6,-0.6,-0.61200005,1.0087894,0.0,0.097996496,0.0,0.0,0.084,0.0,0.012,0.6,0.6,-26.7396,2.219381,0.7397937,0.17600001,0.0,0.1545031,0.0,0.0
hardzero_only__c0p58__z1p00__lam0p000__nu0p50__psi0p00,0.084,borrow,57,702,0.0,3,-0.6,-0.6,-0.6024544,0.94447464,0.113638476,0.113638476,1.0,0.009545632,0.084,0.0,0.012,0.6,0.6,-25.944906,2.0778856,0.69262856,0.21,0.01,0.12578754,0.0,0.0
hardzero_only__c0p58__z1p00__lam0p000__nu0p50__psi0p00,0.084,borrow,57,703,0.0,3,-0.6,-0.6,-0.60303974,0.9719572,0.10667012,0.10667012,1.0,0.00896029,0.084,0.0,0.012,0.6,0.6,-25.550041,2.1383486,0.71278286,0.136,0.0,0.12821051,0.0,0.0
hardzero_only__c0p58__z1p00__lam0p000__nu0p50__psi0p00,0.084,borrow,57,704,0.0,3,-0.6,-0.6,-0.61200005,1.0158833,0.0,0.09640879,0.0,0.0,0.084,0.0,0.012,0.6,0.6,-27.757652,2.234988,0.744996,0.17600001,0.0,0.1536904,0.0,0.0
hardzero_only__c0p58__z1p00__lam0p000__nu0p50__psi0p00,0.084,borrow,57,705,0.0,3,-0.6,-0.6,-0.6026755,0.9546521,0.11100639,0.11100639,1.0,0.009324537,0.084,0.0,0.012,0.6,0.6,-26.103323,2.1002765,0.7000922,0.16800001,0.008,0.14213796,0.0,0.0
hardzero_only__c0p58__z1p00__lam0p000__nu0p50__psi0p00,0.084,borrow,57,706,0.0,3,-0.6,-0.6,-0.6033202,0.9857655,0.103331916,0.103331916,1.0,0.008679881,0.084,0.0,0.012,0.6,0.6,-25.70249,2.1687274,0.72290915,0.16800001,0.0,0.12592714,0.0,0.0
hardzero_only__c0p58__z1p00__lam0p000__nu0p50__psi0p00,0.084,borrow,57,707,0.0,3,-0.6,-0.6,-0.6032173,0.9806496,0.10455634,0.10455634,1.0,0.008782732,0.084,0.0,0.012,0.6,0.6,-26.256767,2.1574721,0.7191574,0.15200001,0.0,0.15253156,0.0,0.0
hardzero_only__c0p58__z1p00__lam0p000__nu0p50__psi0p00,0.084,borrow,57,708,0.0,3,-0.6,-0.6,-0.6034388,0.99174124,0.10191984,0.10191984,1.0,0.008561267,0.084,0.0,0.012,0.6,0.6,-26.789703,2.1818743,0.72729146,0.16800001,0.0,0.13031268,0.0,0.0
hardzero_only__c0p58__z1p00__lam0p000__nu0p50__psi0p00,0.084,borrow,57,709,0.0,3,-0.6,-0.6,-0.6019329,0.9213716,0.11984734,0.11984734,1.0,0.010067177,0.084,0.0,0.012,0.6,0.6,-25.60143,2.027058,0.675686,0.296,0.0,0.12941979,0.0,0.0
hardzero_only__c0p58__z1p00__lam0p000__nu0p50__psi0p00,0.084,borrow,57,710,0.0,3,-0.6,-0.6,-0.61200005,1.0446149,0.0,0.090237096,0.0,0.0,0.084,0.0,0.012,0.6,0.6,-27.519712,2.2981987,0.76606625,0.104,0.0,0.1486467,0.0,0.0
hardzero_only__c0p58__z1p00__lam0p000__nu0p50__psi0p00,0.084,borrow,57,711,0.0,3,-0.6,-0.6,-0.60317606,0.9786143,0.105047494,0.105047494,1.0,0.008823989,0.084,0.0,0.012,0.6,0.6,-26.536259,2.1529944,0.71766484,0.18400002,0.0,0.12449303,0.0,0.0
hardzero_only__c0p58__z1p00__lam0p000__nu0p50__psi0p00,0.084,borrow,57,712,0.0,3,-0.6,-0.6,-0.61200005,1.0382782,0.0,0.091563374,0.0,0.0,0.084,0.0,0.012,0.6,0.6,-27.511955,2.2842577,0.76141924,0.128,0.0,0.12912887,0.0,0.0
hardzero_only__c0p58__z1p00__lam0p000__nu0p50__psi0p00,0.084,borrow,57,713,0.0,3,-0.6,-0.6,-0.61200005,1.0093074,0.0,0.0978797,0.0,0.0,0.084,0.0,0.012,0.6,0.6,-28.064665,2.2205205,0.7401735,0.15200001,0.0,0.16717543,0.0,0.0
hardzero_only__c0p58__z1p00__lam0p000__nu0p50__psi0p00,0.084,borrow,57,714,0.0,3,-0.6,-0.6,-0.60332304,0.9859083,0.10329795,0.10329795,1.0,0.008677027,0.084,0.0,0.012,0.6,0.6,-27.226004,2.1690416,0.7230139,0.136,0.0,0.13374884,0.0,0.0
hardzero_only__c0p58__z1p00__lam0p000__nu0p50__psi0p00,0.084,borrow,57,715,0.0,3,-0.6,-0.6,-0.6023188,0.9383491,0.11525263,0.11525263,1.0,0.009681221,0.084,0.0,0.012,0.6,0.6,-26.388386,2.0644093,0.68813646,0.17,0.0,0.108988866,0.0,0.0
hardzero_only__c0p58__z1p00__lam0p000__nu0p50__psi0p00,0.084,borrow,57,716,0.0,3,-0.6,-0.6,-0.61200005,1.0163095,0.0,0.09631423,0.0,0.0,0.084,0.0,0.012,0.6,0.6,-27.712194,2.2359254,0.7453085,0.2,0.0,0.13575974,0.0,0.0
hardzero_only__c0p58__z1p00__lam0p000__nu0p50__psi0p00,0.084,borrow,57,717,0.0,3,-0.6,-0.6,-0.61200005,1.023694,0.0,0.0946904,0.0,0.0,0.084,0.0,0.012,0.6,0.6,-26.561588,2.2521718,0.75072396,0.120000005,0.0,0.110677965,0.0,0.0
hardzero_only__c0p58__z1p00__lam0p000__nu0p50__psi0p00,0.084,borrow,57,718,0.0,3,-0.6,-0.6,-0.6023511,0.9398018,0.11486778,0.11486778,1.0,0.009648893,0.084,0.0,0.012,0.6,0.6,-26.048397,2.0676053,0.6892018,0.23200001,0.0,0.13469902,0.0,0.0
hardzero_only__c0p58__z1p00__lam0p000__nu0p50__psi0p00,0.084,borrow,57,719,0.0,3,-0.6,-0.6,-0.603325,0.9860091,0.103273965,0.103273965,1.0,0.008675013,0.084,0.0,0.012,0.6,0.6,-27.339367,2.1692634,0.7230878,0.224,0.0,0.15024605,0.0,0.0
hardzero_only__c0p58__z1p00__lam0p000__nu0p50__psi0p00,0.084,borrow,57,720,0.0,3,-0.6,-0.6,-0.6032848,0.9839992,0.103753045,0.103753045,1.0,0.008715256,0.084,0.0,0.012,0.6,0.6,-26.82233,2.1648414,0.7216138,0.16800001,0.0,0.12954181,0.0,0.0
hardzero_only__c0p58__z1p00__lam0p000__nu0p50__psi0p00,0.084,borrow,57,721,0.0,3,-0.6,-0.6,-0.60329306,0.98441,0.103654936,0.103654936,1.0,0.008707015,0.084,0.0,0.012,0.6,0.6,-27.425665,2.1657453,0.7219151,0.136,0.0,0.14041454,0.0,0.0
hardzero_only__c0p58__z1p00__lam0p000__nu0p50__psi0p00,0.084,borrow,57,722,0.0,3,-0.6,-0.6,-0.61200005,1.0220697,0.0,0.09504523,0.0,0.0,0.084,0.0,0.012,0.6,0.6,-27.67827,2.2485983,0.7495328,0.16000001,0.0,0.15470248,0.0,0.0
hardzero_only__c0p58__z1p00__lam0p000__nu0p50__psi0p00,0.084,borrow,57,723,0.0,3,-0.6,-0.6,-0.60320246,0.9799166,0.10473298,0.10473298,1.0,0.00879757,0.084,0.0,0.012,0.6,0.6,-26.554562,2.1558595,0.7186198,0.14400001,0.0,0.10776094,0.0,0.0
hardzero_only__c0p58__z1p00__lam0p000__nu0p50__psi0p00,0.084,borrow,57,724,0.0,3,-0.6,-0.6,-0.6030657,0.9732174,0.10636103,0.10636103,1.0,0.0089343265,0.084,0.0,0.012,0.6,0.6,-26.175503,2.1411211,0.7137071,0.23200001,0.0,0.1304786,0.0,0.0
hardzero_only__c0p58__z1p00__lam0p000__nu0p50__psi0p00,0.084,borrow,57,725,0.0,3,-0.6,-0.6,-0.61200005,1.0121775,0.0,0.09723498,0.0,0.0,0.084,0.0,0.012,0.6,0.6,-27.711695,2.226835,0.74227834,0.17600001,0.0,0.16213793,0.0,0.0
hardzero_only__c0p58__z1p00__lam0p000__nu0p50__psi0p00,0.084,borrow,57,726,0.0,3,-0.6,-0.6,-0.61200005,1.0239156,0.0,0.094642095,0.0,0.0,0.084,0.0,0.012,0.6,0.6,-27.765223,2.2526593,0.75088644,0.120000005,0.0,0.16571335,0.0,0.0
hardzero_only__c0p58__z1p00__lam0p000__nu0p50__psi0p00,0.084,borrow,57,727,0.0,3,-0.6,-0.6,-0.61200005,1.055574,0.0,0.0879885,0.0,0.0,0.084,0.0,0.012,0.6,0.6,-28.064888,2.3223093,0.7741031,0.17600001,0.0,0.1684063,0.0,0.0
hardzero_only__c0p58__z1p00__lam0p000__nu0p50__psi0p00,0.084,borrow,57,728,0.0,3,-0.6,-0.6,-0.60193604,0.9215083,0.1198096,0.1198096,1.0,0.010064006,0.084,0.0,0.012,0.6,0.6,-25.685703,2.0273588,0.67578626,0.17,0.0,0.13247165,0.0,0.0
hardzero_only__c0p58__z1p00__lam0p000__nu0p50__psi0p00,0.084,borrow,57,729,0.0,3,-0.6,-0.6,-0.61200005,1.012348,0.0,0.097196795,0.0,0.0,0.084,0.0,0.012,0.6,0.6,-27.104593,2.2272103,0.74240345,0.16800001,0.0,0.12962125,0.0,0.0
hardzero_only__c0p58__z1p00__lam0p000__nu0p50__psi0p00,0.084,borrow,57,730,0.0,3,-0.6,-0.6,-0.6025718,0.9498481,0.11224109,0.11224109,1.0,0.009428252,0.084,0.0,0.012,0.6,0.6,-25.597889,2.0897076,0.6965692,0.136,0.0,0.111536995,0.0,0.0
hardzero_only__c0p58__z1p00__lam0p000__nu0p50__psi0p00,0.084,borrow,57,731,0.0,3,-0.6,-0.6,-0.61200005,1.000336,0.0,0.099922664,0.0,0.0,0.084,0.0,0.012,0.6,0.6,-27.107864,2.2007833,0.7335944,0.17600001,0.0,0.1614557,0.0,0.0
hardzero_only__c0p58__z1p00__lam0p000__nu0p50__psi0p00,0.084,borrow,57,732,0.0,3,-0.6,-0.6,-0.60335493,0.987507,0.10291838,0.10291838,1.0,0.008645143,0.084,0.0,0.012,0.6,0.6,-27.263777,2.1725588,0.7241863,0.192,0.0,0.15150325,0.0,0.0
hardzero_only__c0p58__z1p00__lam0p000__nu0p50__psi0p00,0.084,borrow,57,733,0.0,3,-0.6,-0.6,-0.60302556,0.97127014,0.106839016,0.106839016,1.0,0.008974478,0.084,0.0,0.012,0.6,0.6,-25.685684,2.136837,0.712279,0.16800001,0.0,0.12023695,0.0,0.0
hardzero_only__c0p58__z1p00__lam0p000__nu0p50__psi0p00,0.084,borrow,57,734,0.0,3,-0.6,-0.6,-0.60185814,0.9181602,0.120736845,0.120736845,1.0,0.010141895,0.084,0.0,0.012,0.6,0.6,-25.691402,2.0199928,0.67333096,0.216,0.0,0.1123187,0.0,0.0
hardzero_only__c0p58__z1p00__lam0p000__nu0p50__psi0p00,0.084,borrow,57,735,0.0,3,-0.6,-0.6,-0.61200005,1.0407076,0.0,0.09105262,0.0,0.0,0.084,0.0,0.012,0.6,0.6,-28.15292,2.2896025,0.7632009,0.264,0.0,0.18489757,0.0,0.0
hardzero_only__c0p58__z1p00__lam0p000__nu0p50__psi0p00,0.084,borrow,57,736,0.0,3,-0.6,-0.6,-0.60284317,0.9625308,0.10901072,0.10901072,1.0,0.0091569,0.084,0.0,0.012,0.6,0.6,-26.240423,2.11761,0.70587003,0.15200001,0.0,0.11033387,0.0,0.0
hardzero_only__c0p58__z1p00__lam0p000__nu0p50__psi0p00,0.084,borrow,57,737,0.0,3,-0.6,-0.6,-0.61200005,1.0044312,0.0,0.098984845,0.0,0.0,0.084,0.0,0.012,0.6,0.6,-26.299963,2.2097929,0.73659766,0.18400002,0.0,0.14258759,0.0,0.0
hardzero_only__c0p58__z1p00__lam0p000__nu0p50__psi0p00,0.084,borrow,57,738,0.0,3,-0.6,-0.6,-0.6019772,0.9232887,0.11931946,0.11931946,1.0,0.010022835,0.084,0.0,0.012,0.6,0.6,-25.867102,2.0312757,0.67709196,0.192,0.0,0.14362115,0.0,0.0
hardzero_only__c0p58__z1p00__lam0p000__nu0p50__psi0p00,0.084,borrow,57,739,0.0,3,-0.6,-0.6,-0.60330695,0.98510575,0.10348902,0.10348902,1.0,0.008693078,0.084,0.0,0.012,0.6,0.6,-26.914179,2.167276,0.72242534,0.18400002,0.0,0.14233202,0.0,0.0
hardzero_only__c0p58__z1p00__lam0p000__nu0p50__psi0p00,0.084,borrow,57,740,0.0,3,-0.6,-0.6,-0.61200005,1.0353943,0.0,0.09217342,0.0,0.0,0.084,0.0,0.012,0.6,0.6,-27.365896,2.277913,0.7593044,0.136,0.0,0.17199613,0.0,0.0
hardzero_only__c0p58__z1p00__lam0p000__nu0p50__psi0p00,0.084,borrow,57,741,0.0,3,-0.6,-0.6,-0.60257185,0.9498513,0.112240255,0.112240255,1.0,0.009428182,0.084,0.0,0.012,0.6,0.6,-25.1361,2.0897145,0.6965715,0.099999994,0.0,0.12637497,0.0,0.0
hardzero_only__c0p58__z1p00__lam0p000__nu0p50__psi0p00,0.084,borrow,57,742,0.0,3,-0.6,-0.6,-0.6034785,0.99375975,0.10144725,0.10144725,1.0,0.008521569,0.084,0.0,0.012,0.6,0.6,-27.189463,2.186315,0.7287717,0.104,0.0,0.12881927,0.0,0.0
hardzero_only__c0p58__z1p00__lam0p000__nu0p50__psi0p00,0.084,borrow,57,743,0.0,3,-0.6,-0.6,-0.6035419,0.9970054,0.10069191,0.10069191,1.0,0.00845812,0.084,0.0,0.012,0.6,0.6,-27.03795,2.1934557,0.73115194,0.136,0.0,0.15347481,0.0,0.0
hardzero_only__c0p58__z1p00__lam0p000__nu0p50__psi0p00,0.084,borrow,57,744,0.0,3,-0.6,-0.6,-0.6030723,0.9735368,0.10628285,0.10628285,1.0,0.00892776,0.084,0.0,0.012,0.6,0.6,-26.730988,2.1418238,0.7139413,0.192,0.0,0.12800644,0.0,0.0
hardzero_only__c0p58__z1p00__lam0p000__nu0p50__psi0p00,0.084,borrow,57,745,0.0,3,-0.6,-0.6,-0.61200005,1.018617,0.0,0.095803834,0.0,0.0,0.084,0.0,0.012,0.6,0.6,-26.930468,2.2410023,0.7470008,0.14400001,0.0,0.14480431,0.0,0.0
hardzero_only__c0p58__z1p00__lam0p000__nu0p50__psi0p00,0.084,borrow,57,746,0.0,3,-0.6,-0.6,-0.61200005,1.0148268,0.0,0.09664363,0.0,0.0,0.084,0.0,0.012,0.6,0.6,-27.844032,2.2326634,0.74422115,0.136,0.0,0.15132512,0.0,0.0
hardzero_only__c0p58__z1p00__lam0p000__nu0p50__psi0p00,0.084,borrow,57,747,0.0,3,-0.6,-0.6,-0.60318565,0.979086,0.104933456,0.104933456,1.0,0.00881441,0.084,0.0,0.012,0.6,0.6,-26.362148,2.1540322,0.7180108,0.192,0.008,0.11432795,0.0,0.0
hardzero_only__c0p58__z1p00__lam0p000__nu0p50__psi0p00,0.084,borrow,57,748,0.0,3,-0.6,-0.6,-0.60342795,0.99119115,0.10204902,0.10204902,1.0,0.008572117,0.084,0.0,0.012,0.6,0.6,-27.742264,2.180664,0.72688806,0.15200001,0.0,0.15189138,0.0,0.0
hardzero_only__c0p58__z1p00__lam0p000__nu0p50__psi0p00,0.084,borrow,57,749,0.0,3,-0.6,-0.6,-0.61200005,1.0204856,0.0,0.095392525,0.0,0.0,0.084,0.0,0.012,0.6,0.6,-27.060785,2.2451131,0.74837106,0.216,0.008,0.15272495,0.0,0.0
hardzero_only__c0p58__z1p00__lam0p000__nu0p50__psi0p00,0.084,borrow,57,750,0.0,3,-0.6,-0.6,-0.61200005,1.0367941,0.0,0.091876805,0.0,0.0,0.084,0.0,0.012,0.6,0.6,-27.77344,2.2809925,0.76033086,0.128,0.0,0.13689189,0.0,0.0
hardzero_only__c0p58__z1p00__lam0p000__nu0p50__psi0p00,0.084,borrow,57,751,0.0,3,-0.6,-0.6,-0.61200005,1.0449152,0.0,0.09017473,0.0,0.0,0.084,0.0,0.012,0.6,0.6,-27.887861,2.2988594,0.7662865,0.14400001,0.008,0.15090446,0.0,0.0
hardzero_only__c0p58__z1p00__lam0p000__nu0p50__psi0p00,0.084,borrow,57,752,0.0,3,-0.6,-0.6,-0.6030288,0.97142524,0.10680087,0.10680087,1.0,0.008971273,0.084,0.0,0.012,0.6,0.6,-26.362106,2.1371782,0.71239275,0.24800001,0.0,0.13110146,0.0,0.0
hardzero_only__c0p58__z1p00__lam0p000__nu0p50__psi0p00,0.084,borrow,57,753,0.0,3,-0.6,-0.6,-0.61200005,1.0237128,0.0,0.094686314,0.0,0.0,0.084,0.0,0.012,0.6,0.6,-27.576462,2.252213,0.75073767,0.16000001,0.0,0.17005694,0.0,0.0
hardzero_only__c0p58__z1p00__lam0p000__nu0p50__psi0p00,0.084,borrow,57,754,0.0,3,-0.6,-0.6,-0.6025257,0.94773036,0.11278976,0.11278976,1.0,0.00947434,0.084,0.0,0.012,0.6,0.6,-27.053392,2.0850484,0.69501615,0.17,0.0,0.15417375,0.0,0.0
hardzero_only__c0p58__z1p00__lam0p000__nu0p50__psi0p00,0.084,borrow,57,755,0.0,3,-0.6,-0.6,-0.6032699,0.9832562,0.103930674,0.103930674,1.0,0.008730177,0.084,0.0,0.012,0.6,0.6,-26.128145,2.1632068,0.721069,0.2,0.0,0.14634822,0.0,0.0
hardzero_only__c0p58__z1p00__lam0p000__nu0p50__psi0p00,0.084,borrow,57,756,0.0,3,-0.6,-0.6,-0.61200005,1.0463655,0.0,0.08987409,0.0,0.0,0.084,0.0,0.012,0.6,0.6,-26.996584,2.30205,0.7673501,0.16000001,0.0,0.15853053,0.0,0.0
hardzero_only__c0p58__z1p00__lam0p000__nu0p50__psi0p00,0.084,borrow,57,757,0.0,3,-0.6,-0.6,-0.61200005,1.0153815,0.0,0.096520275,0.0,0.0,0.084,0.0,0.012,0.6,0.6,-27.511747,2.2338839,0.74462795,0.16000001,0.0,0.12369769,0.0,0.0
hardzero_only__c0p58__z1p00__lam0p000__nu0p50__psi0p00,0.084,borrow,57,758,0.0,3,-0.6,-0.6,-0.60311455,0.9755969,0.105779886,0.105779886,1.0,0.00888551,0.084,0.0,0.012,0.6,0.6,-25.53639,2.146356,0.7154521,0.192,0.0,0.13364881,0.0,0.0
hardzero_only__c0p58__z1p00__lam0p000__nu0p50__psi0p00,0.084,borrow,57,759,0.0,3,-0.6,-0.6,-0.6032292,0.9812401,0.10441427,0.10441427,1.0,0.008770798,0.084,0.0,0.012,0.6,0.6,-26.801655,2.1587713,0.7195904,0.136,0.0,0.12289902,0.0,0.0
hardzero_only__c0p58__z1p00__lam0p000__nu0p50__psi0p00,0.084,borrow,57,760,0.0,3,-0.6,-0.6,-0.6028293,0.9618738,0.10917576,0.10917576,1.0,0.009170763,0.084,0.0,0.012,0.6,0.6,-26.60631,2.1161647,0.70538825,0.14400001,0.0,0.13541472,0.0,0.0
hardzero_only__c0p58__z1p00__lam0p000__nu0p50__psi0p00,0.084,borrow,57,761,0.0,3,-0.6,-0.6,-0.61200005,1.017536,0.0,0.0960426,0.0,0.0,0.084,0.0,0.012,0.6,0.6,-27.121803,2.238624,0.7462081,0.2,0.008,0.13341255,0.0,0.0
hardzero_only__c0p58__z1p00__lam0p000__nu0p50__psi0p00,0.084,borrow,57,762,0.0,3,-0.6,-0.6,-0.61200005,1.0272369,0.0,0.09392108,0.0,0.0,0.084,0.0,0.012,0.6,0.6,-26.622524,2.2599664,0.7533221,0.17600001,0.008,0.15669698,0.0,0.0
hardzero_only__c0p58__z1p00__lam0p000__nu0p50__psi0p00,0.084,borrow,57,763,0.0,3,-0.6,-0.6,-0.6029574,0.96798384,0.107650526,0.107650526,1.0,0.009042644,0.084,0.0,0.012,0.6,0.6,-26.539154,2.129607,0.709869,0.128,0.0,0.15840612,0.0,0.0
hardzero_only__c0p58__z1p00__lam0p000__nu0p50__psi0p00,0.084,borrow,57,764,0.0,3,-0.6,-0.6,-0.61200005,1.020786,0.0,0.09532657,0.0,0.0,0.084,0.0,0.012,0.6,0.6,-27.315384,2.2457743,0.7485914,0.23200001,0.0,0.15194398,0.0,0.0
hardzero_only__c0p58__z1p00__lam0p000__nu0p50__psi0p00,0.084,borrow,57,765,0.0,3,-0.6,-0.6,-0.61200005,1.0029894,0.0,0.09931403,0.0,0.0,0.084,0.0,0.012,0.6,0.6,-27.3403,2.2066207,0.7355403,0.14400001,0.0,0.13162604,0.0,0.0
hardzero_only__c0p58__z1p00__lam0p000__nu0p50__psi0p00,0.084,borrow,57,766,0.0,3,-0.6,-0.6,-0.60250944,0.9469841,0.112983726,0.112983726,1.0,0.009490632,0.084,0.0,0.012,0.6,0.6,-26.12872,2.0834067,0.6944689,0.256,0.0,0.13236663,0.0,0.0
hardzero_only__c0p58__z1p00__lam0p000__nu0p50__psi0p00,0.084,borrow,57,767,0.0,3,-0.6,-0.6,-0.61200005,1.002315,0.0,0.09946836,0.0,0.0,0.084,0.0,0.012,0.6,0.6,-27.231354,2.205137,0.7350457,0.21,0.0,0.14636317,0.0,0.0
hardzero_only__c0p58__z1p00__lam0p000__nu0p50__psi0p00,0.084,borrow,57,768,0.0,3,-0.6,-0.6,-0.6033175,0.9856309,0.103363946,0.103363946,1.0,0.008682571,0.084,0.0,0.012,0.6,0.6,-27.460255,2.1684313,0.72281045,0.16000001,0.0,0.13554522,0.0,0.0
hardzero_only__c0p58__z1p00__lam0p000__nu0p50__psi0p00,0.084,borrow,57,769,0.0,3,-0.6,-0.6,-0.61200005,1.0028442,0.0,0.09934723,0.0,0.0,0.084,0.0,0.012,0.6,0.6,-26.727438,2.2063012,0.73543376,0.208,0.0,0.1486349,0.0,0.0
hardzero_only__c0p58__z1p00__lam0p000__nu0p50__psi0p00,0.084,borrow,57,770,0.0,3,-0.6,-0.6,-0.6033559,0.9875577,0.10290637,0.10290637,1.0,0.008644135,0.084,0.0,0.012,0.6,0.6,-27.068663,2.1726704,0.7242235,0.17600001,0.0,0.14559971,0.0,0.0
hardzero_only__c0p58__z1p00__lam0p000__nu0p50__psi0p00,0.084,borrow,57,771,0.0,3,-0.6,-0.6,-0.6030436,0.9721438,0.10662429,0.10662429,1.0,0.008956441,0.084,0.0,0.012,0.6,0.6,-25.957205,2.1387591,0.7129197,0.16800001,0.008,0.14055328,0.0,0.0
hardzero_only__c0p58__z1p00__lam0p000__nu0p50__psi0p00,0.084,borrow,57,772,0.0,3,-0.6,-0.6,-0.60319877,0.9797334,0.104777165,0.104777165,1.0,0.008801281,0.084,0.0,0.012,0.6,0.6,-26.721025,2.1554565,0.71848553,0.14400001,0.0,0.15056099,0.0,0.0
hardzero_only__c0p58__z1p00__lam0p000__nu0p50__psi0p00,0.084,borrow,57,773,0.0,3,-0.6,-0.6,-0.60288715,0.964623,0.108486824,0.108486824,1.0,0.009112893,0.084,0.0,0.012,0.6,0.6,-26.073282,2.122213,0.7074043,0.272,0.0,0.14363505,0.0,0.0
hardzero_only__c0p58__z1p00__lam0p000__nu0p50__psi0p00,0.084,borrow,57,774,0.0,3,-0.6,-0.6,-0.61200005,1.026342,0.0,0.094114795,0.0,0.0,0.084,0.0,0.012,0.6,0.6,-27.28896,2.2579975,0.7526659,0.16800001,0.0,0.14632578,0.0,0.0
hardzero_only__c0p58__z1p00__lam0p000__nu0p50__psi0p00,0.084,borrow,57,775,0.0,3,-0.6,-0.6,-0.6027042,0.95599216,0.11066437,0.11066437,1.0,0.009295807,0.084,0.0,0.012,0.6,0.6,-25.869635,2.1032248,0.70107496,0.208,0.008,0.13820651,0.0,0.0
hardzero_only__c0p58__z1p00__lam0p000__nu0p50__psi0p00,0.084,borrow,57,776,0.0,3,-0.6,-0.6,-0.61200005,1.0047966,0.0,0.0989016,0.0,0.0,0.084,0.0,0.012,0.6,0.6,-26.847275,2.2105968,0.73686564,0.16000001,0.0,0.12283591,0.0,0.0
hardzero_only__c0p58__z1p00__lam0p000__nu0p50__psi0p00,0.084,borrow,57,777,0.0,3,-0.6,-0.6,-0.603501,0.99490994,0.101178914,0.101178914,1.0,0.008499029,0.084,0.0,0.012,0.6,0.6,-26.936964,2.1888456,0.7296152,0.17600001,0.0,0.13777107,0.0,0.0
hardzero_only__c0p58__z1p00__lam0p000__nu0p50__psi0p00,0.084,borrow,57,778,0.0,3,-0.6,-0.6,-0.61200005,1.0126313,0.0,0.09713342,0.0,0.0,0.084,0.0,0.012,0.6,0.6,-27.498756,2.2278333,0.7426111,0.104,0.0,0.1429634,0.0,0.0
hardzero_only__c0p58__z1p00__lam0p000__nu0p50__psi0p00,0.084,borrow,57,779,0.0,3,-0.6,-0.6,-0.6034681,0.9932336,0.10157022,0.10157022,1.0,0.008531898,0.084,0.0,0.012,0.6,0.6,-26.748936,2.1851575,0.72838587,0.18400002,0.0,0.14118391,0.0,0.0
hardzero_only__c0p58__z1p00__lam0p000__nu0p50__psi0p00,0.084,borrow,57,780,0.0,3,-0.6,-0.6,-0.61200005,1.0348064,0.0,0.09229828,0.0,0.0,0.084,0.0,0.012,0.6,0.6,-27.655697,2.2766194,0.75887316,0.25,0.0,0.14529726,0.0,0.0
hardzero_only__c0p58__z1p00__lam0p000__nu0p50__psi0p00,0.084,borrow,57,781,0.0,3,-0.6,-0.6,-0.6032926,0.98438835,0.1036601,0.1036601,1.0,0.008707448,0.084,0.0,0.012,0.6,0.6,-26.92727,2.1656976,0.7218992,0.216,0.0,0.11312762,0.0,0.0
hardzero_only__c0p58__z1p00__lam0p000__nu0p50__psi0p00,0.084,borrow,57,782,0.0,3,-0.6,-0.6,-0.6035471,0.9972722,0.10063006,0.10063006,1.0,0.008452925,0.084,0.0,0.012,0.6,0.6,-28.017591,2.1940427,0.73134756,0.128,0.0,0.14009824,0.0,0.0
hardzero_only__c0p58__z1p00__lam0p000__nu0p50__psi0p00,0.084,borrow,57,783,0.0,3,-0.6,-0.6,-0.60356605,0.99824613,0.10040464,0.10040464,1.0,0.00843399,0.084,0.0,0.012,0.6,0.6,-26.819002,2.1961854,0.7320618,0.080000006,0.0,0.12693377,0.0,0.0
hardzero_only__c0p58__z1p00__lam0p000__nu0p50__psi0p00,0.084,borrow,57,784,0.0,3,-0.6,-0.6,-0.6028933,0.96491575,0.10841373,0.10841373,1.0,0.009106753,0.084,0.0,0.012,0.6,0.6,-25.725803,2.122857,0.7076191,0.208,0.0,0.11891275,0.0,0.0
hardzero_only__c0p58__z1p00__lam0p000__nu0p50__psi0p00,0.084,borrow,57,785,0.0,3,-0.6,-0.6,-0.60253704,0.9482492,0.11265508,0.11265508,1.0,0.009463027,0.084,0.0,0.012,0.6,0.6,-25.82214,2.08619,0.69539666,0.128,0.0,0.12782721,0.0,0.0
hardzero_only__c0p58__z1p00__lam0p000__nu0p50__psi0p00,0.084,borrow,57,786,0.0,3,-0.6,-0.6,-0.60330033,0.9847733,0.10356828,0.10356828,1.0,0.008699736,0.084,0.0,0.012,0.6,0.6,-26.924986,2.1665444,0.7221815,0.208,0.0,0.16213675,0.0,0.0
hardzero_only__c0p58__z1p00__lam0p000__nu0p50__psi0p00,0.084,borrow,57,787,0.0,3,-0.6,-0.6,-0.61200005,1.0095543,0.0,0.09782406,0.0,0.0,0.084,0.0,0.012,0.6,0.6,-26.947298,2.2210636,0.74035454,0.192,0.0,0.16430931,0.0,0.0
hardzero_only__c0p58__z1p00__lam0p000__nu0p50__psi0p00,0.084,borrow,57,788,0.0,3,-0.6,-0.6,-0.60310036,0.974904,0.1059488,0.1059488,1.0,0.008899699,0.084,0.0,0.012,0.6,0.6,-26.740519,2.1448317,0.7149439,0.18400002,0.0,0.1347229,0.0,0.0
hardzero_only__c0p58__z1p00__lam0p000__nu0p50__psi0p00,0.084,borrow,57,789,0.0,3,-0.6,-0.6,-0.61200005,1.0295286,0.0,0.09342677,0.0,0.0,0.084,0.0,0.012,0.6,0.6,-27.35555,2.2650082,0.75500274,0.15200001,0.0,0.13552295,0.0,0.0
hardzero_only__c0p58__z1p00__lam0p000__nu0p50__psi0p00,0.084,borrow,57,790,0.0,3,-0.6,-0.6,-0.61200005,1.0373371,0.0,0.09176201,0.0,0.0,0.084,0.0,0.012,0.6,0.6,-27.085169,2.2821872,0.7607291,0.15200001,0.0,0.16503696,0.0,0.0
hardzero_only__c0p58__z1p00__lam0p000__nu0p50__psi0p00,0.084,borrow,57,791,0.0,3,-0.6,-0.6,-0.60314375,0.9770258,0.10543242,0.10543242,1.0,0.008856324,0.084,0.0,0.012,0.6,0.6,-26.933716,2.1494997,0.7164999,0.17600001,0.0,0.15090801,0.0,0.0
hardzero_only__c0p58__z1p00__lam0p000__nu0p50__psi0p00,0.084,borrow,57,792,0.0,3,-0.6,-0.6,-0.61200005,1.0583972,0.0,0.087418385,0.0,0.0,0.084,0.0,0.012,0.6,0.6,-27.998646,2.3285203,0.7761735,0.112,0.0,0.14791954,0.0,0.0
hardzero_only__c0p58__z1p00__lam0p000__nu0p50__psi0p00,0.084,borrow,57,793,0.0,3,-0.6,-0.6,-0.61200005,1.002358,0.0,0.09945852,0.0,0.0,0.084,0.0,0.012,0.6,0.6,-27.154057,2.2052317,0.73507726,0.19999999,0.0,0.13998146,0.0,0.0
hardzero_only__c0p58__z1p00__lam0p000__nu0p50__psi0p00,0.084,borrow,57,794,0.0,3,-0.6,-0.6,-0.60312635,0.9761737,0.10563948,0.10563948,1.0,0.008873716,0.084,0.0,0.012,0.6,0.6,-26.317818,2.147625,0.715875,0.16000001,0.0,0.1138885,0.0,0.0
hardzero_only__c0p58__z1p00__lam0p000__nu0p50__psi0p00,0.084,borrow,57,795,0.0,3,-0.6,-0.6,-0.6028849,0.96451557,0.108513676,0.108513676,1.0,0.009115148,0.084,0.0,0.012,0.6,0.6,-26.235264,2.1219766,0.7073256,0.192,0.0,0.1382365,0.0,0.0
hardzero_only__c0p58__z1p00__lam0p000__nu0p50__psi0p00,0.084,borrow,57,796,0.0,3,-0.6,-0.6,-0.60329306,0.9844113,0.10365464,0.10365464,1.0,0.00870699,0.084,0.0,0.012,0.6,0.6,-26.272768,2.1657481,0.7219161,0.15200001,0.0,0.16173322,0.0,0.0
hardzero_only__c0p58__z1p00__lam0p000__nu0p50__psi0p00,0.084,borrow,57,797,0.0,3,-0.6,-0.6,-0.60220575,0.93330675,0.11659857,0.11659857,1.0,0.00979428,0.084,0.0,0.012,0.6,0.6,-26.066969,2.0533159,0.68443865,0.256,0.0,0.1431794,0.0,0.0
hardzero_only__c0p58__z1p00__lam0p000__nu0p50__psi0p00,0.084,borrow,57,798,0.0,3,-0.6,-0.6,-0.6029719,0.96868056,0.10747796,0.10747796,1.0,0.009028149,0.084,0.0,0.012,0.6,0.6,-27.002079,2.1311398,0.71037996,0.17600001,0.0,0.16274737,0.0,0.0
hardzero_only__c0p58__z1p00__lam0p000__nu0p50__psi0p00,0.084,borrow,57,799,0.0,3,-0.6,-0.6,-0.6030404,0.9719893,0.10666223,0.10666223,1.0,0.008959627,0.084,0.0,0.012,0.6,0.6,-26.914036,2.1384192,0.7128064,0.16800001,0.0,0.14956269,0.0,0.0
hardzero_only__c0p58__z1p00__lam0p000__nu0p50__psi0p00,0.084,borrow,57,800,0.0,3,-0.6,-0.6,-0.61200005,1.0430244,0.0,0.090568155,0.0,0.0,0.084,0.0,0.012,0.6,0.6,-27.381996,2.2946994,0.76489985,0.16000001,0.0,0.14507215,0.0,0.0
hardzero_only__c0p58__z1p00__lam0p000__nu0p50__psi0p00,0.084,borrow,57,801,0.0,3,-0.6,-0.6,-0.60304797,0.9723563,0.10657215,0.10657215,1.0,0.008952061,0.084,0.0,0.012,0.6,0.6,-26.510418,2.1392267,0.7130756,0.216,0.0,0.15204854,0.0,0.0
hardzero_only__c0p58__z1p00__lam0p000__nu0p50__psi0p00,0.084,borrow,57,802,0.0,3,-0.6,-0.6,-0.61200005,1.0504596,0.0,0.08903082,0.0,0.0,0.084,0.0,0.012,0.6,0.6,-27.357117,2.3110573,0.7703525,0.18400002,0.0,0.13842069,0.0,0.0
hardzero_only__c0p58__z1p00__lam0p000__nu0p50__psi0p00,0.084,borrow,57,803,0.0,3,-0.6,-0.6,-0.60312665,0.9761892,0.105635725,0.105635725,1.0,0.008873401,0.084,0.0,0.012,0.6,0.6,-26.448185,2.147659,0.71588635,0.15200001,0.0,0.11411312,0.0,0.0
hardzero_only__c0p58__z1p00__lam0p000__nu0p50__psi0p00,0.084,borrow,57,804,0.0,3,-0.6,-0.6,-0.60335624,0.98757464,0.10290236,0.10290236,1.0,0.0086437985,0.084,0.0,0.012,0.6,0.6,-25.8791,2.1727076,0.7242359,0.23200001,0.0,0.15141703,0.0,0.0
hardzero_only__c0p58__z1p00__lam0p000__nu0p50__psi0p00,0.084,borrow,57,805,0.0,3,-0.6,-0.6,-0.60231113,0.93800527,0.11534391,0.11534391,1.0,0.009688889,0.084,0.0,0.012,0.6,0.6,-25.425364,2.0636528,0.6878843,0.16800001,0.0,0.12265122,0.0,0.0
hardzero_only__c0p58__z1p00__lam0p000__nu0p50__psi0p00,0.084,borrow,57,806,0.0,3,-0.6,-0.6,-0.61200005,1.0394788,0.0,0.0913106,0.0,0.0,0.084,0.0,0.012,0.6,0.6,-27.368587,2.286899,0.7622997,0.16,0.0,0.122543946,0.0,0.0
hardzero_only__c0p58__z1p00__lam0p000__nu0p50__psi0p00,0.084,borrow,57,807,0.0,3,-0.6,-0.6,-0.60312253,0.97598827,0.1056846,0.1056846,1.0,0.0088775065,0.084,0.0,0.012,0.6,0.6,-26.536127,2.147217,0.715739,0.16800001,0.0,0.12924834,0.0,0.0
hardzero_only__c0p58__z1p00__lam0p000__nu0p50__psi0p00,0.084,borrow,57,808,0.0,3,-0.6,-0.6,-0.60320324,0.97995436,0.10472387,0.10472387,1.0,0.008796805,0.084,0.0,0.012,0.6,0.6,-26.236284,2.1559427,0.7186476,0.16000001,0.0,0.13718837,0.0,0.0
hardzero_only__c0p58__z1p00__lam0p000__nu0p50__psi0p00,0.084,borrow,57,809,0.0,3,-0.6,-0.6,-0.60298824,0.96946603,0.10728374,0.10728374,1.0,0.009011834,0.084,0.0,0.012,0.6,0.6,-26.587149,2.1328678,0.710956,0.17600001,0.0,0.13523677,0.0,0.0
hardzero_only__c0p58__z1p00__lam0p000__nu0p50__psi0p00,0.084,borrow,57,810,0.0,3,-0.6,-0.6,-0.60313076,0.9763903,0.105586804,0.105586804,1.0,0.008869291,0.084,0.0,0.012,0.6,0.6,-26.772457,2.1481016,0.7160339,0.17600001,0.0,0.13667841,0.0,0.0
hardzero_only__c0p58__z1p00__lam0p000__nu0p50__psi0p00,0.084,borrow,57,811,0.0,3,-0.6,-0.6,-0.61200005,1.0310369,0.0,0.09310289,0.0,0.0,0.084,0.0,0.012,0.6,0.6,-27.726315,2.2683263,0.75610876,0.14400001,0.0,0.14274184,0.0,0.0
hardzero_only__c0p58__z1p00__lam0p000__nu0p50__psi0p00,0.084,borrow,57,812,0.0,3,-0.6,-0.6,-0.6032366,0.98160374,0.104326874,0.104326874,1.0,0.008763458,0.084,0.0,0.012,0.6,0.6,-27.511065,2.1595714,0.71985716,0.216,0.0,0.14032835,0.0,0.0
hardzero_only__c0p58__z1p00__lam0p000__nu0p50__psi0p00,0.084,borrow,57,813,0.0,3,-0.6,-0.6,-0.61200005,1.0276215,0.0,0.09383795,0.0,0.0,0.084,0.0,0.012,0.6,0.6,-27.736633,2.2608125,0.7536042,0.112,0.0,0.13345987,0.0,0.0
hardzero_only__c0p58__z1p00__lam0p000__nu0p50__psi0p00,0.084,borrow,57,814,0.0,3,-0.6,-0.6,-0.61200005,1.0004574,0.0,0.09989472,0.0,0.0,0.084,0.0,0.012,0.6,0.6,-27.01917,2.2010503,0.73368347,0.17600001,0.0,0.13815574,0.0,0.0
hardzero_only__c0p58__z1p00__lam0p000__nu0p50__psi0p00,0.084,borrow,57,815,0.0,3,-0.6,-0.6,-0.60282767,0.9617985,0.10919467,0.10919467,1.0,0.009172352,0.084,0.0,0.012,0.6,0.6,-26.321571,2.115999,0.705333,0.16000001,0.0,0.11493121,0.0,0.0
hardzero_only__c0p58__z1p00__lam0p000__nu0p50__psi0p00,0.084,borrow,57,816,0.0,3,-0.6,-0.6,-0.602987,0.96940684,0.10729838,0.10729838,1.0,0.009013064,0.084,0.0,0.012,0.6,0.6,-26.287931,2.1327376,0.7109126,0.216,0.0,0.1305443,0.0,0.0
hardzero_only__c0p58__z1p00__lam0p000__nu0p50__psi0p00,0.084,borrow,57,817,0.0,3,-0.6,-0.6,-0.60316586,0.97811174,0.10516912,0.10516912,1.0,0.008834206,0.084,0.0,0.012,0.6,0.6,-25.933096,2.1518888,0.7172963,0.136,0.0,0.13051005,0.0,0.0
hardzero_only__c0p58__z1p00__lam0p000__nu0p50__psi0p00,0.084,borrow,57,818,0.0,3,-0.6,-0.6,-0.6021289,0.9299129,0.117513314,0.117513314,1.0,0.009871118,0.084,0.0,0.012,0.6,0.6,-25.383512,2.0458493,0.6819498,0.216,0.0,0.12029699,0.0,0.0
hardzero_only__c0p58__z1p00__lam0p000__nu0p50__psi0p00,0.084,borrow,57,819,0.0,3,-0.6,-0.6,-0.61200005,1.0067502,0.0,0.09845772,0.0,0.0,0.084,0.0,0.012,0.6,0.6,-26.526787,2.2148948,0.7382983,0.14999999,0.01,0.12823874,0.0,0.0
hardzero_only__c0p58__z1p00__lam0p000__nu0p50__psi0p00,0.084,borrow,57,820,0.0,3,-0.6,-0.6,-0.6028578,0.96322864,0.10883568,0.10883568,1.0,0.009142197,0.084,0.0,0.012,0.6,0.6,-26.81683,2.1191454,0.7063818,0.192,0.0,0.13573903,0.0,0.0
hardzero_only__c0p58__z1p00__lam0p000__nu0p50__psi0p00,0.084,borrow,57,821,0.0,3,-0.6,-0.6,-0.603063,0.9730834,0.10639387,0.10639387,1.0,0.008937085,0.084,0.0,0.012,0.6,0.6,-26.057217,2.1408262,0.71360874,0.17600001,0.0,0.11953388,0.0,0.0
hardzero_only__c0p58__z1p00__lam0p000__nu0p50__psi0p00,0.084,borrow,57,822,0.0,3,-0.6,-0.6,-0.61200005,1.0392826,0.0,0.09135186,0.0,0.0,0.084,0.0,0.012,0.6,0.6,-27.387217,2.2864673,0.7621558,0.136,0.0,0.17245893,0.0,0.0
hardzero_only__c0p58__z1p00__lam0p000__nu0p50__psi0p00,0.084,borrow,57,823,0.0,3,-0.6,-0.6,-0.60193783,0.9215847,0.11978853,0.11978853,1.0,0.010062236,0.084,0.0,0.012,0.6,0.6,-24.823376,2.0275269,0.6758423,0.24000001,0.008,0.1373775,0.0,0.0
hardzero_only__c0p58__z1p00__lam0p000__nu0p50__psi0p00,0.084,borrow,57,824,0.0,3,-0.6,-0.6,-0.61200005,1.0157459,0.0,0.0964393,0.0,0.0,0.084,0.0,0.012,0.6,0.6,-27.54928,2.2346857,0.7448952,0.120000005,0.0,0.1351369,0.0,0.0
hardzero_only__c0p58__z1p00__lam0p000__nu0p50__psi0p00,0.084,borrow,57,825,0.0,3,-0.6,-0.6,-0.61200005,1.0456731,0.0,0.09001749,0.0,0.0,0.084,0.0,0.012,0.6,0.6,-27.911161,2.3005269,0.7668423,0.14400001,0.0,0.13796479,0.0,0.0
hardzero_only__c0p58__z1p00__lam0p000__nu0p50__psi0p00,0.084,borrow,57,826,0.0,3,-0.6,-0.6,-0.6035566,0.99775934,0.100517265,0.100517265,1.0,0.008443451,0.084,0.0,0.012,0.6,0.6,-27.16243,2.1951144,0.73170483,0.08800001,0.0,0.12206691,0.0,0.0
hardzero_only__c0p58__z1p00__lam0p000__nu0p50__psi0p00,0.084,borrow,57,827,0.0,3,-0.6,-0.6,-0.6033352,0.98651844,0.10315291,0.10315291,1.0,0.008664845,0.084,0.0,0.012,0.6,0.6,-26.51749,2.170384,0.72346133,0.18400002,0.0,0.1556983,0.0,0.0
hardzero_only__c0p58__z1p00__lam0p000__nu0p50__psi0p00,0.084,borrow,57,828,0.0,3,-0.6,-0.6,-0.61200005,1.0371158,0.0,0.09180877,0.0,0.0,0.084,0.0,0.012,0.6,0.6,-28.771973,2.2817004,0.76056683,0.14400001,0.0,0.16663748,0.0,0.0
hardzero_only__c0p58__z1p00__lam0p000__nu0p50__psi0p00,0.084,borrow,57,829,0.0,3,-0.6,-0.6,-0.61200005,1.0531323,0.0,0.08848459,0.0,0.0,0.084,0.0,0.012,0.6,0.6,-28.218334,2.3169372,0.7723124,0.120000005,0.0,0.17910433,0.0,0.0
hardzero_only__c0p58__z1p00__lam0p000__nu0p50__psi0p00,0.084,borrow,57,830,0.0,3,-0.6,-0.6,-0.6034149,0.99053234,0.102203935,0.102203935,1.0,0.008585131,0.084,0.0,0.012,0.6,0.6,-26.252323,2.1792147,0.7264049,0.2,0.0,0.107215196,0.0,0.0
hardzero_only__c0p58__z1p00__lam0p000__nu0p50__psi0p00,0.084,borrow,57,831,0.0,3,-0.6,-0.6,-0.61200005,1.0282134,0.0,0.09371013,0.0,0.0,0.084,0.0,0.012,0.6,0.6,-27.664835,2.2621145,0.7540382,0.16000001,0.0,0.16727757,0.0,0.0
hardzero_only__c0p58__z1p00__lam0p000__nu0p50__psi0p00,0.084,borrow,57,832,0.0,3,-0.6,-0.6,-0.61200005,1.0210868,0.0,0.09526057,0.0,0.0,0.084,0.0,0.012,0.6,0.6,-27.66942,2.2464359,0.74881196,0.13,0.0,0.13896884,0.0,0.0
hardzero_only__c0p58__z1p00__lam0p000__nu0p50__psi0p00,0.084,borrow,57,833,0.0,3,-0.6,-0.6,-0.61200005,1.0026155,0.0,0.09939959,0.0,0.0,0.084,0.0,0.012,0.6,0.6,-27.151861,2.2057981,0.7352661,0.16800001,0.0,0.16172577,0.0,0.0
hardzero_only__c0p58__z1p00__lam0p000__nu0p50__psi0p00,0.084,borrow,57,834,0.0,3,-0.6,-0.6,-0.6033751,0.9885219,0.10267818,0.10267818,1.0,0.008624967,0.084,0.0,0.012,0.6,0.6,-26.494497,2.1747916,0.7249305,0.192,0.0,0.1462957,0.0,0.0
hardzero_only__c0p58__z1p00__lam0p000__nu0p50__psi0p00,0.084,borrow,57,835,0.0,3,-0.6,-0.6,-0.6035287,0.9963258,0.10084961,0.10084961,1.0,0.008471368,0.084,0.0,0.012,0.6,0.6,-27.10195,2.1919606,0.7306535,0.16000001,0.0,0.14430988,0.0,0.0
hardzero_only__c0p58__z1p00__lam0p000__nu0p50__psi0p00,0.084,borrow,57,836,0.0,3,-0.6,-0.6,-0.6032996,0.9847378,0.10357672,0.10357672,1.0,0.008700444,0.084,0.0,0.012,0.6,0.6,-26.581974,2.1664665,0.7221555,0.15200001,0.0,0.119472645,0.0,0.0
hardzero_only__c0p58__z1p00__lam0p000__nu0p50__psi0p00,0.084,borrow,57,837,0.0,3,-0.6,-0.6,-0.60333157,0.9863375,0.10319591,0.10319591,1.0,0.008668456,0.084,0.0,0.012,0.6,0.6,-27.364983,2.1699858,0.7233286,0.14400001,0.0,0.14530429,0.0,0.0
hardzero_only__c0p58__z1p00__lam0p000__nu0p50__psi0p00,0.084,borrow,57,838,0.0,3,-0.6,-0.6,-0.61200005,1.0273662,0.0,0.09389313,0.0,0.0,0.084,0.0,0.012,0.6,0.6,-27.215412,2.2602508,0.75341696,0.16000001,0.0,0.1560661,0.0,0.0
hardzero_only__c0p58__z1p00__lam0p000__nu0p50__psi0p00,0.084,borrow,57,839,0.0,3,-0.6,-0.6,-0.60244346,0.94397587,0.113769054,0.113769054,1.0,0.009556601,0.084,0.0,0.012,0.6,0.6,-26.01917,2.0767884,0.6922628,0.216,0.0,0.13191158,0.0,0.0
hardzero_only__c0p58__z1p00__lam0p000__nu0p50__psi0p00,0.084,borrow,57,840,0.0,3,-0.6,-0.6,-0.6026592,0.95389324,0.1112005,0.1112005,1.0,0.009340841,0.084,0.0,0.012,0.6,0.6,-26.588215,2.098607,0.6995357,0.2,0.0,0.13736992,0.0,0.0
hardzero_only__c0p58__z1p00__lam0p000__nu0p50__psi0p00,0.084,borrow,57,841,0.0,3,-0.6,-0.6,-0.60338706,0.9891244,0.10253582,0.10253582,1.0,0.008613009,0.084,0.0,0.012,0.6,0.6,-26.494799,2.1761172,0.72537243,0.16800001,0.0,0.15526485,0.0,0.0
hardzero_only__c0p58__z1p00__lam0p000__nu0p50__psi0p00,0.084,borrow,57,842,0.0,3,-0.6,-0.6,-0.61200005,1.0191793,0.0,0.095679894,0.0,0.0,0.084,0.0,0.012,0.6,0.6,-28.304651,2.2422392,0.7474131,0.128,0.0,0.1557719,0.0,0.0
hardzero_only__c0p58__z1p00__lam0p000__nu0p50__psi0p00,0.084,borrow,57,843,0.0,3,-0.6,-0.6,-0.61200005,1.0394751,0.0,0.09131139,0.0,0.0,0.084,0.0,0.012,0.6,0.6,-27.33737,2.2868907,0.7622969,0.16000001,0.0,0.14379051,0.0,0.0
hardzero_only__c0p58__z1p00__lam0p000__nu0p50__psi0p00,0.084,borrow,57,844,0.0,3,-0.6,-0.6,-0.6034269,0.99113697,0.10206175,0.10206175,1.0,0.008573187,0.084,0.0,0.012,0.6,0.6,-26.628725,2.1805449,0.7268483,0.216,0.0,0.14318399,0.0,0.0
hardzero_only__c0p58__z1p00__lam0p000__nu0p50__psi0p00,0.084,borrow,57,845,0.0,3,-0.6,-0.6,-0.6029988,0.9699759,0.10715788,0.10715788,1.0,0.009001262,0.084,0.0,0.012,0.6,0.6,-26.11815,2.1339896,0.7113299,0.16,0.0,0.136964,0.0,0.0
hardzero_only__c0p58__z1p00__lam0p000__nu0p50__psi0p00,0.084,borrow,57,846,0.0,3,-0.6,-0.6,-0.6032108,0.9803264,0.10463417,0.10463417,1.0,0.00878927,0.084,0.0,0.012,0.6,0.6,-26.577608,2.1567612,0.7189204,0.18400002,0.0,0.120455734,0.0,0.0
hardzero_only__c0p58__z1p00__lam0p000__nu0p50__psi0p00,0.084,borrow,57,847,0.0,3,-0.6,-0.6,-0.6031952,0.9795575,0.10481958,0.10481958,1.0,0.008804845,0.084,0.0,0.012,0.6,0.6,-26.801716,2.1550696,0.71835655,0.15200001,0.0,0.15037794,0.0,0.0
hardzero_only__c0p58__z1p00__lam0p000__nu0p50__psi0p00,0.084,borrow,57,848,0.0,3,-0.6,-0.6,-0.61200005,1.0258971,0.0,0.094211265,0.0,0.0,0.084,0.0,0.012,0.6,0.6,-27.233307,2.2570188,0.7523396,0.24000001,0.0,0.16371925,0.0,0.0
hardzero_only__c0p58__z1p00__lam0p000__nu0p50__psi0p00,0.084,borrow,57,849,0.0,3,-0.6,-0.6,-0.60320884,0.9802309,0.1046572,0.1046572,1.0,0.008791205,0.084,0.0,0.012,0.6,0.6,-26.311687,2.1565511,0.7188504,0.224,0.0,0.14287254,0.0,0.0
hardzero_only__c0p58__z1p00__lam0p000__nu0p50__psi0p00,0.084,borrow,57,850,0.0,3,-0.6,-0.6,-0.61200005,1.0093033,0.0,0.09788061,0.0,0.0,0.084,0.0,0.012,0.6,0.6,-27.136135,2.2205117,0.7401706,0.18400002,0.0,0.1332754,0.0,0.0
hardzero_only__c0p58__z1p00__lam0p000__nu0p50__psi0p00,0.084,borrow,57,851,0.0,3,-0.6,-0.6,-0.61200005,1.080483,0.0,0.08308392,0.0,0.0,0.084,0.0,0.012,0.6,0.6,-29.10706,2.37711,0.79237,0.096,0.0,0.16485043,0.0,0.0
hardzero_only__c0p58__z1p00__lam0p000__nu0p50__psi0p00,0.084,borrow,57,852,0.0,3,-0.6,-0.6,-0.61200005,1.0335255,0.0,0.092570916,0.0,0.0,0.084,0.0,0.012,0.6,0.6,-27.086044,2.2738013,0.7579338,0.16800001,0.0,0.1329863,0.0,0.0
hardzero_only__c0p58__z1p00__lam0p000__nu0p50__psi0p00,0.084,borrow,57,853,0.0,3,-0.6,-0.6,-0.61200005,1.0154927,0.0,0.09649556,0.0,0.0,0.084,0.0,0.012,0.6,0.6,-27.324306,2.2341285,0.7447095,0.16000001,0.0,0.14122553,0.0,0.0
hardzero_only__c0p58__z1p00__lam0p000__nu0p50__psi0p00,0.084,borrow,57,854,0.0,3,-0.6,-0.6,-0.6035191,0.99583447,0.10096377,0.10096377,1.0,0.008480957,0.084,0.0,0.012,0.6,0.6,-26.944517,2.1908796,0.7302932,0.18400002,0.008,0.1389174,0.0,0.0
hardzero_only__c0p58__z1p00__lam0p000__nu0p50__psi0p00,0.084,borrow,57,855,0.0,3,-0.6,-0.6,-0.60336953,0.988244,0.10274387,0.10274387,1.0,0.008630485,0.084,0.0,0.012,0.6,0.6,-26.769342,2.1741803,0.7247268,0.136,0.0,0.13835624,0.0,0.0
hardzero_only__c0p58__z1p00__lam0p000__nu0p50__psi0p00,0.084,borrow,57,856,0.0,3,-0.6,-0.6,-0.60328484,0.9840009,0.10375262,0.10375262,1.0,0.00871522,0.084,0.0,0.012,0.6,0.6,-26.362787,2.1648452,0.7216151,0.128,0.0,0.13724755,0.0,0.0
hardzero_only__c0p58__z1p00__lam0p000__nu0p50__psi0p00,0.084,borrow,57,857,0.0,3,-0.6,-0.6,-0.6030994,0.97485656,0.10596036,0.10596036,1.0,0.00890067,0.084,0.0,0.012,0.6,0.6,-25.835209,2.1447272,0.7149091,0.16000001,0.0,0.14529091,0.0,0.0
hardzero_only__c0p58__z1p00__lam0p000__nu0p50__psi0p00,0.084,borrow,57,858,0.0,3,-0.6,-0.6,-0.60332996,0.9862547,0.1032156,0.1032156,1.0,0.00867011,0.084,0.0,0.012,0.6,0.6,-26.700478,2.1698036,0.7232679,0.13,0.0,0.14098702,0.0,0.0
hardzero_only__c0p58__z1p00__lam0p000__nu0p50__psi0p00,0.084,borrow,57,859,0.0,3,-0.6,-0.6,-0.6030735,0.9735958,0.10626841,0.10626841,1.0,0.008926546,0.084,0.0,0.012,0.6,0.6,-26.1384,2.1419535,0.7139845,0.16000001,0.0,0.13151082,0.0,0.0
hardzero_only__c0p58__z1p00__lam0p000__nu0p50__psi0p00,0.084,borrow,57,860,0.0,3,-0.6,-0.6,-0.6033007,0.9847933,0.10356349,0.10356349,1.0,0.008699333,0.084,0.0,0.012,0.6,0.6,-26.481194,2.1665885,0.7221962,0.16000001,0.0,0.13814098,0.0,0.0
hardzero_only__c0p58__z1p00__lam0p000__nu0p50__psi0p00,0.084,borrow,57,861,0.0,3,-0.6,-0.6,-0.61200005,1.0265878,0.0,0.09406154,0.0,0.0,0.084,0.0,0.012,0.6,0.6,-26.882782,2.2585385,0.7528462,0.16000001,0.0,0.14178525,0.0,0.0
hardzero_only__c0p58__z1p00__lam0p000__nu0p50__psi0p00,0.084,borrow,57,862,0.0,3,-0.6,-0.6,-0.61200005,1.0178871,0.0,0.095965005,0.0,0.0,0.084,0.0,0.012,0.6,0.6,-26.774317,2.2393963,0.74646544,0.136,0.0,0.1285955,0.0,0.0
hardzero_only__c0p58__z1p00__lam0p000__nu0p50__psi0p00,0.084,borrow,57,863,0.0,3,-0.6,-0.6,-0.61200005,1.0045122,0.0,0.0989664,0.0,0.0,0.084,0.0,0.012,0.6,0.6,-26.723833,2.209971,0.736657,0.17600001,0.0,0.1509854,0.0,0.0
hardzero_only__c0p58__z1p00__lam0p000__nu0p50__psi0p00,0.084,borrow,57,864,0.0,3,-0.6,-0.6,-0.60341495,0.9905347,0.10220338,0.10220338,1.0,0.008585083,0.084,0.0,0.012,0.6,0.6,-26.902973,2.17922,0.7264067,0.16800001,0.0,0.119077206,0.0,0.0
hardzero_only__c0p58__z1p00__lam0p000__nu0p50__psi0p00,0.084,borrow,57,865,0.0,3,-0.6,-0.6,-0.61200005,1.0298295,0.0,0.09336206,0.0,0.0,0.084,0.0,0.012,0.6,0.6,-27.346094,2.26567,0.7552234,0.120000005,0.0,0.15386786,0.0,0.0
hardzero_only__c0p58__z1p00__lam0p000__nu0p50__psi0p00,0.084,borrow,57,866,0.0,3,-0.6,-0.6,-0.6028252,0.9616811,0.1092242,0.1092242,1.0,0.009174833,0.084,0.0,0.012,0.6,0.6,-26.280876,2.1157408,0.7052469,0.24800001,0.0,0.13719127,0.0,0.0
hardzero_only__c0p58__z1p00__lam0p000__nu0p50__psi0p00,0.084,borrow,57,867,0.0,3,-0.6,-0.6,-0.61200005,1.0112189,0.0,0.09744984,0.0,0.0,0.084,0.0,0.012,0.6,0.6,-27.762192,2.224726,0.74157536,0.17600001,0.0,0.15952256,0.0,0.0
hardzero_only__c0p58__z1p00__lam0p000__nu0p50__psi0p00,0.084,borrow,57,868,0.0,3,-0.6,-0.6,-0.60357094,0.99849766,0.10034652,0.10034652,1.0,0.008429107,0.084,0.0,0.012,0.6,0.6,-27.404642,2.1967387,0.7322463,0.192,0.0,0.13977712,0.0,0.0
hardzero_only__c0p58__z1p00__lam0p000__nu0p50__psi0p00,0.084,borrow,57,869,0.0,3,-0.6,-0.6,-0.61200005,1.0069966,0.0,0.09840186,0.0,0.0,0.084,0.0,0.012,0.6,0.6,-27.07178,2.2154367,0.7384789,0.136,0.0,0.16470908,0.0,0.0
hardzero_only__c0p58__z1p00__lam0p000__nu0p50__psi0p00,0.084,borrow,57,870,0.0,3,-0.6,-0.6,-0.61200005,1.0297172,0.0,0.09338622,0.0,0.0,0.084,0.0,0.012,0.6,0.6,-27.496004,2.265423,0.755141,0.136,0.0,0.13292699,0.0,0.0
hardzero_only__c0p58__z1p00__lam0p000__nu0p50__psi0p00,0.084,borrow,57,871,0.0,3,-0.6,-0.6,-0.6028624,0.9634461,0.1087812,0.1087812,1.0,0.009137621,0.084,0.0,0.012,0.6,0.6,-26.338505,2.1196237,0.70654124,0.16,0.0,0.11981374,0.0,0.0
hardzero_only__c0p58__z1p00__lam0p000__nu0p50__psi0p00,0.084,borrow,57,872,0.0,3,-0.6,-0.6,-0.61200005,1.004361,0.0,0.09900086,0.0,0.0,0.084,0.0,0.012,0.6,0.6,-26.822618,2.2096384,0.73654616,0.14400001,0.0,0.14388749,0.0,0.0
hardzero_only__c0p58__z1p00__lam0p000__nu0p50__psi0p00,0.084,borrow,57,873,0.0,3,-0.6,-0.6,-0.61200005,1.026253,0.0,0.09413409,0.0,0.0,0.084,0.0,0.012,0.6,0.6,-27.732222,2.2578015,0.75260055,0.16000001,0.0,0.16827185,0.0,0.0
hardzero_only__c0p58__z1p00__lam0p000__nu0p50__psi0p00,0.084,borrow,57,874,0.0,3,-0.6,-0.6,-0.60298854,0.9694804,0.10728019,0.10728019,1.0,0.009011536,0.084,0.0,0.012,0.6,0.6,-25.846012,2.1328995,0.7109665,0.18400002,0.0,0.10719737,0.0,0.0
hardzero_only__c0p58__z1p00__lam0p000__nu0p50__psi0p00,0.084,borrow,57,875,0.0,3,-0.6,-0.6,-0.6029784,0.96899426,0.10740034,0.10740034,1.0,0.009021629,0.084,0.0,0.012,0.6,0.6,-26.235075,2.13183,0.71061003,0.192,0.0,0.14765203,0.0,0.0
hardzero_only__c0p58__z1p00__lam0p000__nu0p50__psi0p00,0.084,borrow,57,876,0.0,3,-0.6,-0.6,-0.61200005,1.0557961,0.0,0.08794352,0.0,0.0,0.084,0.0,0.012,0.6,0.6,-27.17911,2.322798,0.774266,0.128,0.0,0.14133069,0.0,0.0
hardzero_only__c0p58__z1p00__lam0p000__nu0p50__psi0p00,0.084,borrow,57,877,0.0,3,-0.6,-0.6,-0.61200005,1.0084965,0.0,0.09806261,0.0,0.0,0.084,0.0,0.012,0.6,0.6,-27.448572,2.2187366,0.7395789,0.18400002,0.0,0.11892685,0.0,0.0
hardzero_only__c0p58__z1p00__lam0p000__nu0p50__psi0p00,0.084,borrow,57,878,0.0,3,-0.6,-0.6,-0.60336953,0.98824173,0.102744415,0.102744415,1.0,0.008630531,0.084,0.0,0.012,0.6,0.6,-26.492247,2.1741753,0.7247251,0.17600001,0.0,0.13727249,0.0,0.0
hardzero_only__c0p58__z1p00__lam0p000__nu0p50__psi0p00,0.084,borrow,57,879,0.0,3,-0.6,-0.6,-0.60276526,0.9588513,0.10993823,0.10993823,1.0,0.009234811,0.084,0.0,0.012,0.6,0.6,-26.268013,2.109515,0.7031717,0.192,0.0,0.12289719,0.0,0.0
hardzero_only__c0p58__z1p00__lam0p000__nu0p50__psi0p00,0.084,borrow,57,880,0.0,3,-0.6,-0.6,-0.6026449,0.95322853,0.11137084,0.11137084,1.0,0.00935515,0.084,0.0,0.012,0.6,0.6,-26.138401,2.0971446,0.6990482,0.24000001,0.0,0.14833094,0.0,0.0
hardzero_only__c0p58__z1p00__lam0p000__nu0p50__psi0p00,0.084,borrow,57,881,0.0,3,-0.6,-0.6,-0.61200005,1.0018007,0.0,0.09958625,0.0,0.0,0.084,0.0,0.012,0.6,0.6,-27.420343,2.2040055,0.7346685,0.192,0.0,0.15305863,0.0,0.0
hardzero_only__c0p58__z1p00__lam0p000__nu0p50__psi0p00,0.084,borrow,57,882,0.0,3,-0.6,-0.6,-0.61200005,1.0009778,0.0,0.09977511,0.0,0.0,0.084,0.0,0.012,0.6,0.6,-27.060944,2.202195,0.734065,0.120000005,0.0,0.12999006,0.0,0.0
hardzero_only__c0p58__z1p00__lam0p000__nu0p50__psi0p00,0.084,borrow,57,883,0.0,3,-0.6,-0.6,-0.61200005,1.0111177,0.0,0.09747254,0.0,0.0,0.084,0.0,0.012,0.6,0.6,-26.886972,2.2245033,0.7415011,0.17600001,0.0,0.16533189,0.0,0.0
hardzero_only__c0p58__z1p00__lam0p000__nu0p50__psi0p00,0.084,borrow,57,884,0.0,3,-0.6,-0.6,-0.6033068,0.98509467,0.10349166,0.10349166,1.0,0.008693299,0.084,0.0,0.012,0.6,0.6,-26.168999,2.1672516,0.72241724,0.14,0.0,0.14098091,0.0,0.0
hardzero_only__c0p58__z1p00__lam0p000__nu0p50__psi0p00,0.084,borrow,57,885,0.0,3,-0.6,-0.6,-0.6034518,0.9924005,0.101765245,0.101765245,1.0,0.00854828,0.084,0.0,0.012,0.6,0.6,-27.07631,2.1833248,0.727775,0.24000001,0.008,0.1424393,0.0,0.0
hardzero_only__c0p58__z1p00__lam0p000__nu0p50__psi0p00,0.084,borrow,57,886,0.0,3,-0.6,-0.6,-0.61200005,1.0514215,0.0,0.088833846,0.0,0.0,0.084,0.0,0.012,0.6,0.6,-27.606443,2.3131735,0.77105784,0.136,0.0,0.18254204,0.0,0.0
hardzero_only__c0p58__z1p00__lam0p000__nu0p50__psi0p00,0.084,borrow,57,887,0.0,3,-0.6,-0.6,-0.60280055,0.960514,0.10951814,0.10951814,1.0,0.009199523,0.084,0.0,0.012,0.6,0.6,-26.242167,2.113173,0.704391,0.136,0.0,0.11369754,0.0,0.0
hardzero_only__c0p58__z1p00__lam0p000__nu0p50__psi0p00,0.084,borrow,57,888,0.0,3,-0.6,-0.6,-0.6033167,0.98559254,0.10337306,0.10337306,1.0,0.008683337,0.084,0.0,0.012,0.6,0.6,-26.604584,2.168347,0.7227823,0.136,0.0,0.12360187,0.0,0.0
hardzero_only__c0p58__z1p00__lam0p000__nu0p50__psi0p00,0.084,borrow,57,889,0.0,3,-0.6,-0.6,-0.60298663,0.9693896,0.10730263,0.10730263,1.0,0.009013421,0.084,0.0,0.012,0.6,0.6,-26.576012,2.1326997,0.71089995,0.15200001,0.0,0.15207553,0.0,0.0
hardzero_only__c0p58__z1p00__lam0p000__nu0p50__psi0p00,0.084,borrow,57,890,0.0,3,-0.6,-0.6,-0.60324395,0.981968,0.10423943,0.10423943,1.0,0.008756111,0.084,0.0,0.012,0.6,0.6,-27.310377,2.1603727,0.72012424,0.192,0.0,0.13942099,0.0,0.0
hardzero_only__c0p58__z1p00__lam0p000__nu0p50__psi0p00,0.084,borrow,57,891,0.0,3,-0.6,-0.6,-0.61200005,1.0086521,0.0,0.098027475,0.0,0.0,0.084,0.0,0.012,0.6,0.6,-26.922926,2.219079,0.73969305,0.17600001,0.0,0.1513507,0.0,0.0
hardzero_only__c0p58__z1p00__lam0p000__nu0p50__psi0p00,0.084,borrow,57,892,0.0,3,-0.6,-0.6,-0.61200005,1.0028055,0.0,0.099356085,0.0,0.0,0.084,0.0,0.012,0.6,0.6,-27.065882,2.206216,0.7354054,0.136,0.0,0.14603387,0.0,0.0
hardzero_only__c0p58__z1p00__lam0p000__nu0p50__psi0p00,0.084,borrow,57,893,0.0,3,-0.6,-0.6,-0.61200005,1.0274975,0.0,0.09386474,0.0,0.0,0.084,0.0,0.012,0.6,0.6,-27.233438,2.2605398,0.7535133,0.15200001,0.0,0.12505527,0.0,0.0
hardzero_only__c0p58__z1p00__lam0p000__nu0p50__psi0p00,0.084,borrow,57,894,0.0,3,-0.6,-0.6,-0.61200005,1.0295259,0.0,0.093427375,0.0,0.0,0.084,0.0,0.012,0.6,0.6,-28.013863,2.2650023,0.75500077,0.17600001,0.0,0.15714557,0.0,0.0
hardzero_only__c0p58__z1p00__lam0p000__nu0p50__psi0p00,0.084,borrow,57,895,0.0,3,-0.6,-0.6,-0.6031361,0.97665334,0.10552288,0.10552288,1.0,0.008863921,0.084,0.0,0.012,0.6,0.6,-27.014973,2.1486802,0.71622676,0.2,0.0,0.14744647,0.0,0.0
hardzero_only__c0p58__z1p00__lam0p000__nu0p50__psi0p00,0.084,borrow,57,896,0.0,3,-0.6,-0.6,-0.6030551,0.9727014,0.1064875,0.1064875,1.0,0.00894495,0.084,0.0,0.012,0.6,0.6,-26.429392,2.1399858,0.7133286,0.17600001,0.0,0.12291972,0.0,0.0
hardzero_only__c0p58__z1p00__lam0p000__nu0p50__psi0p00,0.084,borrow,57,897,0.0,3,-0.6,-0.6,-0.61200005,1.0606354,0.0,0.086968996,0.0,0.0,0.084,0.0,0.012,0.6,0.6,-27.848444,2.3334446,0.77781487,0.14,0.0,0.14372274,0.0,0.0
hardzero_only__c0p58__z1p00__lam0p000__nu0p50__psi0p00,0.084,borrow,57,898,0.0,3,-0.6,-0.6,-0.6035815,0.99904233,0.100220755,0.100220755,1.0,0.008418543,0.084,0.0,0.012,0.6,0.6,-26.572927,2.197937,0.7326457,0.16800001,0.0,0.15637372,0.0,0.0
hardzero_only__c0p58__z1p00__lam0p000__nu0p50__psi0p00,0.084,borrow,57,899,0.0,3,-0.6,-0.6,-0.6028514,0.9629221,0.10891254,0.10891254,1.0,0.009148654,0.084,0.0,0.012,0.6,0.6,-26.73895,2.118471,0.70615697,0.208,0.008,0.15034561,0.0,0.0
hardzero_only__c0p58__z1p00__lam0p000__nu0p50__psi0p00,0.084,borrow,57,900,0.0,3,-0.6,-0.6,-0.6027125,0.9563799,0.110565625,0.110565625,1.0,0.009287512,0.084,0.0,0.012,0.6,0.6,-26.319336,2.1040778,0.7013593,0.16000001,0.0,0.13025796,0.0,0.0
hardzero_only__c0p58__z1p00__lam0p000__nu0p50__psi0p00,0.084,borrow,57,901,0.0,3,-0.6,-0.6,-0.60256547,0.94955724,0.11231629,0.11231629,1.0,0.009434568,0.084,0.0,0.012,0.6,0.6,-25.868315,2.0890677,0.69635594,0.14400001,0.0,0.12149699,0.0,0.0
hardzero_only__c0p58__z1p00__lam0p000__nu0p50__psi0p00,0.084,borrow,57,902,0.0,3,-0.6,-0.6,-0.6033843,0.9889884,0.102567926,0.102567926,1.0,0.008615706,0.084,0.0,0.012,0.6,0.6,-26.761776,2.175818,0.72527266,0.17600001,0.0,0.15628396,0.0,0.0
hardzero_only__c0p58__z1p00__lam0p000__nu0p50__psi0p00,0.084,borrow,57,903,0.0,3,-0.6,-0.6,-0.6035298,0.9963824,0.100836456,0.100836456,1.0,0.008470262,0.084,0.0,0.012,0.6,0.6,-26.874548,2.192085,0.730695,0.192,0.0,0.16558428,0.0,0.0
hardzero_only__c0p58__z1p00__lam0p000__nu0p50__psi0p00,0.084,borrow,57,904,0.0,3,-0.6,-0.6,-0.61200005,1.0196974,0.0,0.0955658,0.0,0.0,0.084,0.0,0.012,0.6,0.6,-28.297314,2.243379,0.7477931,0.17600001,0.0,0.1573699,0.0,0.0
hardzero_only__c0p58__z1p00__lam0p000__nu0p50__psi0p00,0.084,borrow,57,905,0.0,3,-0.6,-0.6,-0.61200005,1.0564141,0.0,0.08781847,0.0,0.0,0.084,0.0,0.012,0.6,0.6,-27.922712,2.3241575,0.7747192,0.136,0.0,0.1397018,0.0,0.0
hardzero_only__c0p58__z1p00__lam0p000__nu0p50__psi0p00,0.084,borrow,57,906,0.0,3,-0.6,-0.6,-0.61200005,1.0013152,0.0,0.09969761,0.0,0.0,0.084,0.0,0.012,0.6,0.6,-26.151217,2.2029376,0.73431253,0.16800001,0.0,0.1424803,0.0,0.0
hardzero_only__c0p58__z1p00__lam0p000__nu0p50__psi0p00,0.084,borrow,57,907,0.0,3,-0.6,-0.6,-0.60340303,0.9899323,0.10234524,0.10234524,1.0,0.0085970005,0.084,0.0,0.012,0.6,0.6,-27.197819,2.1778946,0.7259649,0.17600001,0.0,0.15071563,0.0,0.0
hardzero_only__c0p58__z1p00__lam0p000__nu0p50__psi0p00,0.084,borrow,57,908,0.0,3,-0.6,-0.6,-0.6022349,0.93460006,0.11625187,0.11625187,1.0,0.0097651575,0.084,0.0,0.012,0.6,0.6,-26.192268,2.0561612,0.6853871,0.16000001,0.0,0.11597959,0.0,0.0
hardzero_only__c0p58__z1p00__lam0p000__nu0p50__psi0p00,0.084,borrow,57,909,0.0,3,-0.6,-0.6,-0.603244,0.9819721,0.104238436,0.104238436,1.0,0.0087560285,0.084,0.0,0.012,0.6,0.6,-26.689543,2.1603818,0.7201273,0.15200001,0.0,0.13389906,0.0,0.0
hardzero_only__c0p58__z1p00__lam0p000__nu0p50__psi0p00,0.084,borrow,57,910,0.0,3,-0.6,-0.6,-0.6017657,0.9142189,0.12183754,0.12183754,1.0,0.010234353,0.084,0.0,0.012,0.6,0.6,-25.680443,2.0113218,0.6704406,0.14,0.0,0.13404246,0.0,0.0
hardzero_only__c0p58__z1p00__lam0p000__nu0p50__psi0p00,0.084,borrow,57,911,0.0,3,-0.6,-0.6,-0.6034426,0.9919361,0.10187412,0.10187412,1.0,0.008557426,0.084,0.0,0.012,0.6,0.6,-26.631882,2.182303,0.72743434,0.15200001,0.0,0.14048482,0.0,0.0
hardzero_only__c0p58__z1p00__lam0p000__nu0p50__psi0p00,0.084,borrow,57,912,0.0,3,-0.6,-0.6,-0.61200005,1.0158849,0.0,0.09640845,0.0,0.0,0.084,0.0,0.012,0.6,0.6,-26.661907,2.2349913,0.74499714,0.16800001,0.0,0.13419884,0.0,0.0
hardzero_only__c0p58__z1p00__lam0p000__nu0p50__psi0p00,0.084,borrow,57,913,0.0,3,-0.6,-0.6,-0.61200005,1.0328513,0.0,0.092714705,0.0,0.0,0.084,0.0,0.012,0.6,0.6,-27.095633,2.2723184,0.7574395,0.16000001,0.0,0.13542047,0.0,0.0
hardzero_only__c0p58__z1p00__lam0p000__nu0p50__psi0p00,0.084,borrow,57,914,0.0,3,-0.6,-0.6,-0.60323817,0.98168236,0.104307994,0.104307994,1.0,0.008761872,0.084,0.0,0.012,0.6,0.6,-25.992395,2.1597443,0.7199148,0.120000005,0.0,0.14190057,0.0,0.0
hardzero_only__c0p58__z1p00__lam0p000__nu0p50__psi0p00,0.084,borrow,57,915,0.0,3,-0.6,-0.6,-0.61200005,1.0020202,0.0,0.0995359,0.0,0.0,0.084,0.0,0.012,0.6,0.6,-27.159142,2.2044885,0.73482955,0.224,0.0,0.12528034,0.0,0.0
hardzero_only__c0p58__z1p00__lam0p000__nu0p50__psi0p00,0.084,borrow,57,916,0.0,3,-0.6,-0.6,-0.60187185,0.91874653,0.12057394,0.12057394,1.0,0.01012821,0.084,0.0,0.012,0.6,0.6,-25.594423,2.0212827,0.6737609,0.16800001,0.0,0.13604534,0.0,0.0
hardzero_only__c0p58__z1p00__lam0p000__nu0p50__psi0p00,0.084,borrow,57,917,0.0,3,-0.6,-0.6,-0.6035976,0.9998714,0.10002961,0.10002961,1.0,0.008402487,0.084,0.0,0.012,0.6,0.6,-26.700499,2.199761,0.73325366,0.120000005,0.0,0.13024864,0.0,0.0
hardzero_only__c0p58__z1p00__lam0p000__nu0p50__psi0p00,0.084,borrow,57,918,0.0,3,-0.6,-0.6,-0.60229045,0.93707705,0.11559072,0.11559072,1.0,0.009709621,0.084,0.0,0.012,0.6,0.6,-25.643192,2.0616107,0.6872036,0.2,0.0,0.13920736,0.0,0.0
hardzero_only__c0p58__z1p00__lam0p000__nu0p50__psi0p00,0.084,borrow,57,919,0.0,3,-0.6,-0.6,-0.6028838,0.9644647,0.10852638,0.10852638,1.0,0.009116216,0.084,0.0,0.012,0.6,0.6,-26.609325,2.1218648,0.70728827,0.128,0.0,0.12473338,0.0,0.0
hardzero_only__c0p58__z1p00__lam0p000__nu0p50__psi0p00,0.084,borrow,57,920,0.0,3,-0.6,-0.6,-0.6033856,0.98905236,0.10255284,0.10255284,1.0,0.008614439,0.084,0.0,0.012,0.6,0.6,-26.420034,2.1759586,0.72531956,0.15200001,0.0,0.10522075,0.0,0.0
hardzero_only__c0p58__z1p00__lam0p000__nu0p50__psi0p00,0.084,borrow,57,921,0.0,3,-0.6,-0.6,-0.602584,0.9504096,0.11209606,0.11209606,1.0,0.009416069,0.084,0.0,0.012,0.6,0.6,-26.545437,2.0909429,0.69698095,0.192,0.0,0.14582857,0.0,0.0
hardzero_only__c0p58__z1p00__lam0p000__nu0p50__psi0p00,0.084,borrow,57,922,0.0,3,-0.6,-0.6,-0.60344535,0.992074,0.10184178,0.10184178,1.0,0.008554709,0.084,0.0,0.012,0.6,0.6,-26.832355,2.1826065,0.7275355,0.16000001,0.0,0.14727435,0.0,0.0
hardzero_only__c0p58__z1p00__lam0p000__nu0p50__psi0p00,0.084,borrow,57,923,0.0,3,-0.6,-0.6,-0.602794,0.96020645,0.10959571,0.10959571,1.0,0.00920604,0.084,0.0,0.012,0.6,0.6,-26.760756,2.1124964,0.70416546,0.17999999,0.0,0.14068156,0.0,0.0
hardzero_only__c0p58__z1p00__lam0p000__nu0p50__psi0p00,0.084,borrow,57,924,0.0,3,-0.6,-0.6,-0.61200005,1.0050151,0.0,0.09885186,0.0,0.0,0.084,0.0,0.012,0.6,0.6,-27.414488,2.2110775,0.73702586,0.15200001,0.0,0.1619013,0.0,0.0
hardzero_only__c0p58__z1p00__lam0p000__nu0p50__psi0p00,0.084,borrow,57,925,0.0,3,-0.6,-0.6,-0.61200005,1.0154483,0.0,0.09650541,0.0,0.0,0.084,0.0,0.012,0.6,0.6,-26.626947,2.234031,0.744677,0.2,0.0,0.14030646,0.0,0.0
hardzero_only__c0p58__z1p00__lam0p000__nu0p50__psi0p00,0.084,borrow,57,926,0.0,3,-0.6,-0.6,-0.61200005,1.0152307,0.0,0.09655378,0.0,0.0,0.084,0.0,0.012,0.6,0.6,-27.061289,2.233552,0.7445173,0.128,0.0,0.16594623,0.0,0.0
hardzero_only__c0p58__z1p00__lam0p000__nu0p50__psi0p00,0.084,borrow,57,927,0.0,3,-0.6,-0.6,-0.61200005,1.0069736,0.0,0.0984071,0.0,0.0,0.084,0.0,0.012,0.6,0.6,-26.854908,2.2153862,0.7384621,0.120000005,0.0,0.12955303,0.0,0.0
hardzero_only__c0p58__z1p00__lam0p000__nu0p50__psi0p00,0.084,borrow,57,928,0.0,3,-0.6,-0.6,-0.61200005,1.0005043,0.0,0.09988396,0.0,0.0,0.084,0.0,0.012,0.6,0.6,-26.773676,2.2011533,0.7337178,0.15200001,0.0,0.17129925,0.0,0.0
hardzero_only__c0p58__z1p00__lam0p000__nu0p50__psi0p00,0.084,borrow,57,929,0.0,3,-0.6,-0.6,-0.6035357,0.99668604,0.10076597,0.10076597,1.0,0.008464342,0.084,0.0,0.012,0.6,0.6,-27.184788,2.192753,0.7309177,0.14400001,0.0,0.15041739,0.0,0.0
hardzero_only__c0p58__z1p00__lam0p000__nu0p50__psi0p00,0.084,borrow,57,930,0.0,3,-0.6,-0.6,-0.6034868,0.994184,0.10134818,0.10134818,1.0,0.008513247,0.084,0.0,0.012,0.6,0.6,-26.631653,2.1872485,0.7290828,0.096,0.0,0.13825312,0.0,0.0
hardzero_only__c0p58__z1p00__lam0p000__nu0p50__psi0p00,0.084,borrow,57,931,0.0,3,-0.6,-0.6,-0.60253537,0.9481725,0.11267499,0.11267499,1.0,0.009464699,0.084,0.0,0.012,0.6,0.6,-26.338629,2.0860212,0.6953404,0.17600001,0.0,0.12378698,0.0,0.0
hardzero_only__c0p58__z1p00__lam0p000__nu0p50__psi0p00,0.084,borrow,57,932,0.0,3,-0.6,-0.6,-0.603082,0.9740105,0.106166996,0.106166996,1.0,0.008918027,0.084,0.0,0.012,0.6,0.6,-27.383507,2.142866,0.71428865,0.17600001,0.0,0.1312906,0.0,0.0
hardzero_only__c0p58__z1p00__lam0p000__nu0p50__psi0p00,0.084,borrow,57,933,0.0,3,-0.6,-0.6,-0.61200005,1.0530508,0.0,0.0885012,0.0,0.0,0.084,0.0,0.012,0.6,0.6,-27.585392,2.316758,0.7722527,0.192,0.0,0.16916135,0.0,0.0
hardzero_only__c0p58__z1p00__lam0p000__nu0p50__psi0p00,0.084,borrow,57,934,0.0,3,-0.6,-0.6,-0.60266846,0.9543227,0.11109061,0.11109061,1.0,0.009331611,0.084,0.0,0.012,0.6,0.6,-26.015171,2.099552,0.6998507,0.192,0.0,0.14196935,0.0,0.0
hardzero_only__c0p58__z1p00__lam0p000__nu0p50__psi0p00,0.084,borrow,57,935,0.0,3,-0.6,-0.6,-0.60328686,0.98410213,0.10372846,0.10372846,1.0,0.00871319,0.084,0.0,0.012,0.6,0.6,-27.277075,2.165068,0.72168934,0.15200001,0.0,0.15104392,0.0,0.0
hardzero_only__c0p58__z1p00__lam0p000__nu0p50__psi0p00,0.084,borrow,57,936,0.0,3,-0.6,-0.6,-0.602907,0.9655697,0.1082506,0.1082506,1.0,0.009093051,0.084,0.0,0.012,0.6,0.6,-26.476757,2.1242957,0.7080986,0.19999999,0.0,0.13773006,0.0,0.0
hardzero_only__c0p58__z1p00__lam0p000__nu0p50__psi0p00,0.084,borrow,57,937,0.0,3,-0.6,-0.6,-0.61200005,1.0186182,0.0,0.09580359,0.0,0.0,0.084,0.0,0.012,0.6,0.6,-27.150211,2.241005,0.74700165,0.16000001,0.0,0.1555303,0.0,0.0
hardzero_only__c0p58__z1p00__lam0p000__nu0p50__psi0p00,0.084,borrow,57,938,0.0,3,-0.6,-0.6,-0.6035157,0.9956608,0.101004146,0.101004146,1.0,0.008484348,0.084,0.0,0.012,0.6,0.6,-27.624332,2.1904974,0.73016584,0.17600001,0.0,0.14818496,0.0,0.0
hardzero_only__c0p58__z1p00__lam0p000__nu0p50__psi0p00,0.084,borrow,57,939,0.0,3,-0.6,-0.6,-0.60290396,0.9654237,0.10828699,0.10828699,1.0,0.009096107,0.084,0.0,0.012,0.6,0.6,-27.222544,2.1239746,0.70799154,0.16000001,0.0,0.13646472,0.0,0.0
hardzero_only__c0p58__z1p00__lam0p000__nu0p50__psi0p00,0.084,borrow,57,940,0.0,3,-0.6,-0.6,-0.61200005,1.0053382,0.0,0.09877835,0.0,0.0,0.084,0.0,0.012,0.6,0.6,-26.863111,2.2117882,0.7372627,0.14400001,0.0,0.12203643,0.0,0.0
hardzero_only__c0p58__z1p00__lam0p000__nu0p50__psi0p00,0.084,borrow,57,941,0.0,3,-0.6,-0.6,-0.61200005,1.0136137,0.0,0.096913934,0.0,0.0,0.084,0.0,0.012,0.6,0.6,-27.169823,2.2299948,0.7433316,0.15200001,0.0,0.14084403,0.0,0.0
hardzero_only__c0p58__z1p00__lam0p000__nu0p50__psi0p00,0.084,borrow,57,942,0.0,3,-0.6,-0.6,-0.602881,0.96433,0.108560026,0.108560026,1.0,0.009119042,0.084,0.0,0.012,0.6,0.6,-25.488087,2.1215684,0.7071895,0.16800001,0.0,0.12087843,0.0,0.0
hardzero_only__c0p58__z1p00__lam0p000__nu0p50__psi0p00,0.084,borrow,57,943,0.0,3,-0.6,-0.6,-0.61200005,1.0204297,0.0,0.09540481,0.0,0.0,0.084,0.0,0.012,0.6,0.6,-27.65991,2.2449903,0.7483301,0.08800001,0.0,0.14828663,0.0,0.0
hardzero_only__c0p58__z1p00__lam0p000__nu0p50__psi0p00,0.084,borrow,57,944,0.0,3,-0.6,-0.6,-0.6032861,0.9840625,0.103737906,0.103737906,1.0,0.008713984,0.084,0.0,0.012,0.6,0.6,-25.800486,2.1649806,0.72166026,0.18400002,0.0,0.1514934,0.0,0.0
hardzero_only__c0p58__z1p00__lam0p000__nu0p50__psi0p00,0.084,borrow,57,945,0.0,3,-0.6,-0.6,-0.61200005,1.0114008,0.0,0.097409025,0.0,0.0,0.084,0.0,0.012,0.6,0.6,-26.868362,2.2251263,0.74170876,0.16800001,0.0,0.16234383,0.0,0.0
hardzero_only__c0p58__z1p00__lam0p000__nu0p50__psi0p00,0.084,borrow,57,946,0.0,3,-0.6,-0.6,-0.61200005,1.0350039,0.0,0.09225631,0.0,0.0,0.084,0.0,0.012,0.6,0.6,-27.102161,2.277054,0.75901806,0.15200001,0.0,0.15849017,0.0,0.0
hardzero_only__c0p58__z1p00__lam0p000__nu0p50__psi0p00,0.084,borrow,57,947,0.0,3,-0.6,-0.6,-0.60324556,0.9820477,0.1042203,0.1042203,1.0,0.008754505,0.084,0.0,0.012,0.6,0.6,-27.255274,2.160548,0.72018266,0.14400001,0.0,0.13169517,0.0,0.0
hardzero_only__c0p58__z1p00__lam0p000__nu0p50__psi0p00,0.084,borrow,57,948,0.0,3,-0.6,-0.6,-0.60206807,0.9272436,0.118237816,0.118237816,1.0,0.009931976,0.084,0.0,0.012,0.6,0.6,-26.462564,2.0399766,0.6799922,0.192,0.0,0.13755256,0.0,0.0
hardzero_only__c0p58__z1p00__lam0p000__nu0p50__psi0p00,0.084,borrow,57,949,0.0,3,-0.6,-0.6,-0.60300493,0.9702714,0.10708498,0.10708498,1.0,0.008995138,0.084,0.0,0.012,0.6,0.6,-26.424046,2.1346397,0.7115466,0.17,0.0,0.1409744,0.0,0.0
hardzero_only__c0p58__z1p00__lam0p000__nu0p50__psi0p00,0.084,borrow,57,950,0.0,3,-0.6,-0.6,-0.61200005,1.0142592,0.0,0.09677,0.0,0.0,0.084,0.0,0.012,0.6,0.6,-26.739204,2.2314148,0.74380493,0.2,0.0,0.13865297,0.0,0.0
hardzero_only__c0p58__z1p00__lam0p000__nu0p50__psi0p00,0.084,borrow,57,951,0.0,3,-0.6,-0.6,-0.60260063,0.9511777,0.11189799,0.11189799,1.0,0.009399431,0.084,0.0,0.012,0.6,0.6,-25.860294,2.0926328,0.6975443,0.24000001,0.0,0.14779577,0.0,0.0
hardzero_only__c0p58__z1p00__lam0p000__nu0p50__psi0p00,0.084,borrow,57,952,0.0,3,-0.6,-0.6,-0.61200005,1.0243292,0.0,0.09455202,0.0,0.0,0.084,0.0,0.012,0.6,0.6,-27.4393,2.2535691,0.7511897,0.192,0.0,0.15616661,0.0,0.0
hardzero_only__c0p58__z1p00__lam0p000__nu0p50__psi0p00,0.084,borrow,57,953,0.0,3,-0.6,-0.6,-0.61200005,1.0568326,0.0,0.0877339,0.0,0.0,0.084,0.0,0.012,0.6,0.6,-28.403778,2.325078,0.775026,0.08800001,0.0,0.12792784,0.0,0.0
hardzero_only__c0p58__z1p00__lam0p000__nu0p50__psi0p00,0.084,borrow,57,954,0.0,3,-0.6,-0.6,-0.61200005,1.0130726,0.0,0.09703477,0.0,0.0,0.084,0.0,0.012,0.6,0.6,-27.074587,2.2288043,0.7429348,0.2,0.0,0.14448805,0.0,0.0
hardzero_only__c0p58__z1p00__lam0p000__nu0p50__psi0p00,0.084,borrow,57,955,0.0,3,-0.6,-0.6,-0.6029044,0.9654442,0.10828188,0.10828188,1.0,0.009095678,0.084,0.0,0.012,0.6,0.6,-26.863909,2.1240196,0.70800656,0.16800001,0.0,0.13140398,0.0,0.0
hardzero_only__c0p58__z1p00__lam0p000__nu0p50__psi0p00,0.084,borrow,57,956,0.0,3,-0.6,-0.6,-0.6030822,0.9740182,0.10616509,0.10616509,1.0,0.008917867,0.084,0.0,0.012,0.6,0.6,-25.88261,2.1428828,0.7142943,0.16800001,0.0,0.12375855,0.0,0.0
hardzero_only__c0p58__z1p00__lam0p000__nu0p50__psi0p00,0.084,borrow,57,957,0.0,3,-0.6,-0.6,-0.6028368,0.96222895,0.109086506,0.109086506,1.0,0.009163266,0.084,0.0,0.012,0.6,0.6,-25.47531,2.116946,0.70564866,0.208,0.0,0.12547188,0.0,0.0
hardzero_only__c0p58__z1p00__lam0p000__nu0p50__psi0p00,0.084,borrow,57,958,0.0,3,-0.6,-0.6,-0.60243887,0.94376826,0.11382345,0.11382345,1.0,0.00956117,0.084,0.0,0.012,0.6,0.6,-25.786552,2.0763316,0.69211054,0.272,0.0,0.12836961,0.0,0.0
hardzero_only__c0p58__z1p00__lam0p000__nu0p50__psi0p00,0.084,borrow,57,959,0.0,3,-0.6,-0.6,-0.60322726,0.98114157,0.10443798,0.10443798,1.0,0.0087727895,0.084,0.0,0.012,0.6,0.6,-25.726675,2.1585546,0.7195182,0.128,0.0,0.14023061,0.0,0.0
hardzero_only__c0p58__z1p00__lam0p000__nu0p50__psi0p00,0.084,borrow,57,960,0.0,3,-0.6,-0.6,-0.61200005,1.0205467,0.0,0.09537913,0.0,0.0,0.084,0.0,0.012,0.6,0.6,-27.237516,2.2452476,0.7484159,0.18400002,0.0,0.1659133,0.0,0.0
hardzero_only__c0p58__z1p00__lam0p000__nu0p50__psi0p00,0.084,borrow,57,961,0.0,3,-0.6,-0.6,-0.60293657,0.9669842,0.10789859,0.10789859,1.0,0.009063481,0.084,0.0,0.012,0.6,0.6,-27.33249,2.1274078,0.70913595,0.14400001,0.0,0.12082314,0.0,0.0
hardzero_only__c0p58__z1p00__lam0p000__nu0p50__psi0p00,0.084,borrow,57,962,0.0,3,-0.6,-0.6,-0.61200005,1.0122015,0.0,0.09722959,0.0,0.0,0.084,0.0,0.012,0.6,0.6,-27.558916,2.226888,0.742296,0.13,0.0,0.13769208,0.0,0.0
hardzero_only__c0p58__z1p00__lam0p000__nu0p50__psi0p00,0.084,borrow,57,963,0.0,3,-0.6,-0.6,-0.61200005,1.0357221,0.0,0.092103876,0.0,0.0,0.084,0.0,0.012,0.6,0.6,-27.569563,2.278634,0.75954473,0.136,0.0,0.12724803,0.0,0.0
hardzero_only__c0p58__z1p00__lam0p000__nu0p50__psi0p00,0.084,borrow,57,964,0.0,3,-0.6,-0.6,-0.60231566,0.93820745,0.11529025,0.11529025,1.0,0.00968438,0.084,0.0,0.012,0.6,0.6,-25.919542,2.0640976,0.68803257,0.2,0.0,0.1128298,0.0,0.0
hardzero_only__c0p58__z1p00__lam0p000__nu0p50__psi0p00,0.084,borrow,57,965,0.0,3,-0.6,-0.6,-0.61200005,1.0089796,0.0,0.09795361,0.0,0.0,0.084,0.0,0.012,0.6,0.6,-27.294,2.2197993,0.73993313,0.120000005,0.0,0.14826764,0.0,0.0
hardzero_only__c0p58__z1p00__lam0p000__nu0p50__psi0p00,0.084,borrow,57,966,0.0,3,-0.6,-0.6,-0.60311913,0.97582126,0.10572525,0.10572525,1.0,0.008880921,0.084,0.0,0.012,0.6,0.6,-26.6824,2.1468496,0.7156166,0.17600001,0.0,0.122811496,0.0,0.0
hardzero_only__c0p58__z1p00__lam0p000__nu0p50__psi0p00,0.084,borrow,57,967,0.0,3,-0.6,-0.6,-0.6029457,0.96742225,0.10778983,0.10778983,1.0,0.009054346,0.084,0.0,0.012,0.6,0.6,-26.70598,2.1283715,0.70945716,0.16000001,0.0,0.1459712,0.0,0.0
hardzero_only__c0p58__z1p00__lam0p000__nu0p50__psi0p00,0.084,borrow,57,968,0.0,3,-0.6,-0.6,-0.6030561,0.97274786,0.10647609,0.10647609,1.0,0.008943992,0.084,0.0,0.012,0.6,0.6,-26.689144,2.140088,0.7133627,0.17600001,0.0,0.10380995,0.0,0.0
hardzero_only__c0p58__z1p00__lam0p000__nu0p50__psi0p00,0.084,borrow,57,969,0.0,3,-0.6,-0.6,-0.60349643,0.9946752,0.10123362,0.10123362,1.0,0.008503623,0.084,0.0,0.012,0.6,0.6,-26.3698,2.1883292,0.7294431,0.16000001,0.0,0.1474126,0.0,0.0
hardzero_only__c0p58__z1p00__lam0p000__nu0p50__psi0p00,0.084,borrow,57,970,0.0,3,-0.6,-0.6,-0.60222137,0.93399817,0.1164131,0.1164131,1.0,0.009778701,0.084,0.0,0.012,0.6,0.6,-25.92446,2.054837,0.6849457,0.24800001,0.0,0.15103441,0.0,0.0
hardzero_only__c0p58__z1p00__lam0p000__nu0p50__psi0p00,0.084,borrow,57,971,0.0,3,-0.6,-0.6,-0.61200005,1.0126555,0.0,0.097128004,0.0,0.0,0.084,0.0,0.012,0.6,0.6,-27.17904,2.2278867,0.74262893,0.216,0.0,0.20461981,0.0,0.0
hardzero_only__c0p58__z1p00__lam0p000__nu0p50__psi0p00,0.084,borrow,57,972,0.0,3,-0.6,-0.6,-0.6029547,0.96785295,0.10768297,0.10768297,1.0,0.00904537,0.084,0.0,0.012,0.6,0.6,-26.356712,2.129319,0.709773,0.23200001,0.0,0.12726174,0.0,0.0
hardzero_only__c0p58__z1p00__lam0p000__nu0p50__psi0p00,0.084,borrow,57,973,0.0,3,-0.6,-0.6,-0.60351324,0.9955344,0.10103353,0.10103353,1.0,0.008486817,0.084,0.0,0.012,0.6,0.6,-27.779835,2.1902194,0.73007315,0.128,0.0,0.15826711,0.0,0.0
hardzero_only__c0p58__z1p00__lam0p000__nu0p50__psi0p00,0.084,borrow,57,974,0.0,3,-0.6,-0.6,-0.60245275,0.94439995,0.113658,0.113658,1.0,0.009547272,0.084,0.0,0.012,0.6,0.6,-26.342007,2.0777214,0.6925738,0.18400002,0.0,0.13649918,0.0,0.0
hardzero_only__c0p58__z1p00__lam0p000__nu0p50__psi0p00,0.084,borrow,57,975,0.0,3,-0.6,-0.6,-0.6035825,0.9990948,0.10020864,0.10020864,1.0,0.008417525,0.084,0.0,0.012,0.6,0.6,-26.854984,2.1980524,0.73268414,0.17,0.0,0.14517784,0.0,0.0
hardzero_only__c0p58__z1p00__lam0p000__nu0p50__psi0p00,0.084,borrow,57,976,0.0,3,-0.6,-0.6,-0.60282004,0.96143603,0.10928586,0.10928586,1.0,0.009180012,0.084,0.0,0.012,0.6,0.6,-26.582758,2.1152015,0.70506716,0.16800001,0.0,0.13373318,0.0,0.0
hardzero_only__c0p58__z1p00__lam0p000__nu0p50__psi0p00,0.084,borrow,57,977,0.0,3,-0.6,-0.6,-0.60305786,0.97283524,0.10645467,0.10645467,1.0,0.008942192,0.084,0.0,0.012,0.6,0.6,-26.36716,2.1402802,0.71342677,0.208,0.0,0.12713799,0.0,0.0
hardzero_only__c0p58__z1p00__lam0p000__nu0p50__psi0p00,0.084,borrow,57,978,0.0,3,-0.6,-0.6,-0.60255367,0.9490149,0.11245664,0.11245664,1.0,0.009446357,0.084,0.0,0.012,0.6,0.6,-26.744478,2.0878744,0.69595814,0.264,0.0,0.12592946,0.0,0.0
hardzero_only__c0p58__z1p00__lam0p000__nu0p50__psi0p00,0.084,borrow,57,979,0.0,3,-0.6,-0.6,-0.6029002,0.96524554,0.108331434,0.108331434,1.0,0.00909984,0.084,0.0,0.012,0.6,0.6,-26.344355,2.1235826,0.7078609,0.15200001,0.0,0.12574103,0.0,0.0
hardzero_only__c0p58__z1p00__lam0p000__nu0p50__psi0p00,0.084,borrow,57,980,0.0,3,-0.6,-0.6,-0.61200005,1.0346988,0.0,0.09232115,0.0,0.0,0.084,0.0,0.012,0.6,0.6,-26.985878,2.276383,0.7587943,0.16800001,0.0,0.14481464,0.0,0.0
hardzero_only__c0p58__z1p00__lam0p000__nu0p50__psi0p00,0.084,borrow,57,981,0.0,3,-0.6,-0.6,-0.60342366,0.9909734,0.10210018,0.10210018,1.0,0.008576415,0.084,0.0,0.012,0.6,0.6,-26.02893,2.180185,0.7267284,0.120000005,0.0,0.11091127,0.0,0.0
hardzero_only__c0p58__z1p00__lam0p000__nu0p50__psi0p00,0.084,borrow,57,982,0.0,3,-0.6,-0.6,-0.61200005,1.0282502,0.0,0.093702205,0.0,0.0,0.084,0.0,0.012,0.6,0.6,-27.880138,2.2621956,0.7540652,0.128,0.0,0.1396687,0.0,0.0
hardzero_only__c0p58__z1p00__lam0p000__nu0p50__psi0p00,0.084,borrow,57,983,0.0,3,-0.6,-0.6,-0.6019933,0.9239866,0.11912787,0.11912787,1.0,0.010006741,0.084,0.0,0.012,0.6,0.6,-25.722347,2.0328112,0.6776037,0.17600001,0.0,0.13238758,0.0,0.0
hardzero_only__c0p58__z1p00__lam0p000__nu0p50__psi0p00,0.084,borrow,57,984,0.0,3,-0.6,-0.6,-0.603312,0.9853592,0.10342863,0.10342863,1.0,0.008688005,0.084,0.0,0.012,0.6,0.6,-26.364182,2.1678336,0.7226112,0.128,0.0,0.121000804,0.0,0.0
hardzero_only__c0p58__z1p00__lam0p000__nu0p50__psi0p00,0.084,borrow,57,985,0.0,3,-0.6,-0.6,-0.6030726,0.9735523,0.10627905,0.10627905,1.0,0.00892744,0.084,0.0,0.012,0.6,0.6,-26.97124,2.1418579,0.71395266,0.192,0.0,0.13106526,0.0,0.0
hardzero_only__c0p58__z1p00__lam0p000__nu0p50__psi0p00,0.084,borrow,57,986,0.0,3,-0.6,-0.6,-0.61200005,1.0076866,0.0,0.09824567,0.0,0.0,0.084,0.0,0.012,0.6,0.6,-26.504555,2.2169547,0.73898494,0.18400002,0.0,0.11825047,0.0,0.0
hardzero_only__c0p58__z1p00__lam0p000__nu0p50__psi0p00,0.084,borrow,57,987,0.0,3,-0.6,-0.6,-0.61200005,1.0031422,0.0,0.09927908,0.0,0.0,0.084,0.0,0.012,0.6,0.6,-28.088337,2.206957,0.7356524,0.17600001,0.0,0.15625705,0.0,0.0
hardzero_only__c0p58__z1p00__lam0p000__nu0p50__psi0p00,0.084,borrow,57,988,0.0,3,-0.6,-0.6,-0.6027213,0.95678747,0.11046189,0.11046189,1.0,0.0092787985,0.084,0.0,0.012,0.6,0.6,-25.666039,2.1049745,0.7016582,0.21,0.0,0.123417325,0.0,0.0
hardzero_only__c0p58__z1p00__lam0p000__nu0p50__psi0p00,0.084,borrow,57,989,0.0,3,-0.6,-0.6,-0.6031479,0.97723156,0.10538249,0.10538249,1.0,0.008852129,0.084,0.0,0.012,0.6,0.6,-26.489145,2.1499524,0.71665084,0.16800001,0.0,0.15252371,0.0,0.0
hardzero_only__c0p58__z1p00__lam0p000__nu0p50__psi0p00,0.084,borrow,57,990,0.0,3,-0.6,-0.6,-0.61200005,1.0257903,0.0,0.094234444,0.0,0.0,0.084,0.0,0.012,0.6,0.6,-27.829578,2.2567837,0.7522613,0.18400002,0.0,0.13861157,0.0,0.0
hardzero_only__c0p58__z1p00__lam0p000__nu0p50__psi0p00,0.084,borrow,57,991,0.0,3,-0.6,-0.6,-0.6035278,0.99627924,0.10086041,0.10086041,1.0,0.008472274,0.084,0.0,0.012,0.6,0.6,-27.068512,2.191858,0.7306194,0.14400001,0.0,0.14714871,0.0,0.0
hardzero_only__c0p58__z1p00__lam0p000__nu0p50__psi0p00,0.084,borrow,57,992,0.0,3,-0.6,-0.6,-0.61200005,1.0299408,0.0,0.09333813,0.0,0.0,0.084,0.0,0.012,0.6,0.6,-27.739473,2.2659152,0.75530505,0.17600001,0.0,0.14426805,0.0,0.0
hardzero_only__c0p58__z1p00__lam0p000__nu0p50__psi0p00,0.084,borrow,57,993,0.0,3,-0.6,-0.6,-0.61200005,1.0352645,0.0,0.09220098,0.0,0.0,0.084,0.0,0.012,0.6,0.6,-28.490965,2.2776275,0.75920916,0.15200001,0.0,0.17125258,0.0,0.0
hardzero_only__c0p58__z1p00__lam0p000__nu0p50__psi0p00,0.084,borrow,57,994,0.0,3,-0.6,-0.6,-0.61200005,1.0114442,0.0,0.097399294,0.0,0.0,0.084,0.0,0.012,0.6,0.6,-26.545647,2.2252216,0.7417406,0.14400001,0.0,0.15259601,0.0,0.0
hardzero_only__c0p58__z1p00__lam0p000__nu0p50__psi0p00,0.084,borrow,57,995,0.0,3,-0.6,-0.6,-0.61200005,1.0293736,0.0,0.09346013,0.0,0.0,0.084,0.0,0.012,0.6,0.6,-28.316902,2.2646673,0.75488913,0.208,0.0,0.15005018,0.0,0.0
hardzero_only__c0p58__z1p00__lam0p000__nu0p50__psi0p00,0.084,borrow,57,996,0.0,3,-0.6,-0.6,-0.603306,0.9850561,0.103500836,0.103500836,1.0,0.00869407,0.084,0.0,0.012,0.6,0.6,-26.573006,2.1671667,0.7223889,0.208,0.0,0.13799754,0.0,0.0
hardzero_only__c0p58__z1p00__lam0p000__nu0p50__psi0p00,0.084,borrow,57,997,0.0,3,-0.6,-0.6,-0.61200005,1.0231309,0.0,0.09481327,0.0,0.0,0.084,0.0,0.012,0.6,0.6,-26.90331,2.250933,0.750311,0.136,0.0,0.13829775,0.0,0.0
hardzero_only__c0p58__z1p00__lam0p000__nu0p50__psi0p00,0.084,borrow,57,998,0.0,3,-0.6,-0.6,-0.6035307,0.99642897,0.100825645,0.100825645,1.0,0.008469354,0.084,0.0,0.012,0.6,0.6,-27.417429,2.1921875,0.7307292,0.16800001,0.0,0.1362735,0.0,0.0
hardzero_only__c0p58__z1p00__lam0p000__nu0p50__psi0p00,0.084,borrow,57,999,0.0,3,-0.6,-0.6,-0.60331786,0.9856489,0.103359684,0.103359684,1.0,0.008682214,0.084,0.0,0.012,0.6,0.6,-26.581171,2.1684709,0.7228236,0.136,0.0,0.14431572,0.0,0.0
hardzero_only__c0p58__z1p00__lam0p000__nu0p50__psi0p00,0.084,borrow,57,1000,0.0,3,-0.6,-0.6,-0.60248315,0.9457848,0.11329614,0.11329614,1.0,0.009516876,0.084,0.0,0.012,0.6,0.6,-26.010874,2.080768,0.6935894,0.208,0.0,0.12672691,0.0,0.0
hardzero_only__c0p58__z1p00__lam0p000__nu0p50__psi0p00,0.084,borrow,57,1001,0.0,3,-0.6,-0.6,-0.6033679,0.9881613,0.10276345,0.10276345,1.0,0.00863213,0.084,0.0,0.012,0.6,0.6,-26.694372,2.1739984,0.7246661,0.14,0.0,0.13811658,0.0,0.0
hardzero_only__c0p58__z1p00__lam0p000__nu0p50__psi0p00,0.084,borrow,57,1002,0.0,3,-0.6,-0.6,-0.6032731,0.9834156,0.10389255,0.10389255,1.0,0.008726974,0.084,0.0,0.012,0.6,0.6,-26.239088,2.1635575,0.72118586,0.17600001,0.0,0.11824767,0.0,0.0
hardzero_only__c0p58__z1p00__lam0p000__nu0p50__psi0p00,0.084,borrow,57,1003,0.0,3,-0.6,-0.6,-0.61200005,1.0232314,0.0,0.09479132,0.0,0.0,0.084,0.0,0.012,0.6,0.6,-27.34646,2.251154,0.7503847,0.14400001,0.0,0.13523915,0.0,0.0
hardzero_only__c0p58__z1p00__lam0p000__nu0p50__psi0p00,0.084,borrow,57,1004,0.0,3,-0.6,-0.6,-0.60217357,0.9318818,0.11698177,0.11698177,1.0,0.009826468,0.084,0.0,0.012,0.6,0.6,-26.471607,2.050181,0.68339366,0.192,0.0,0.13527797,0.0,0.0
hardzero_only__c0p58__z1p00__lam0p000__nu0p50__psi0p00,0.084,borrow,57,1005,0.0,3,-0.6,-0.6,-0.60292053,0.9662159,0.10808964,0.10808964,1.0,0.00907953,0.084,0.0,0.012,0.6,0.6,-27.18953,2.1257174,0.7085725,0.16000001,0.0,0.13843781,0.0,0.0
hardzero_only__c0p58__z1p00__lam0p000__nu0p50__psi0p00,0.084,borrow,57,1006,0.0,3,-0.6,-0.6,-0.6031156,0.97565067,0.1057668,0.1057668,1.0,0.008884411,0.084,0.0,0.012,0.6,0.6,-27.496672,2.1464744,0.7154915,0.2,0.0,0.12510115,0.0,0.0
hardzero_only__c0p58__z1p00__lam0p000__nu0p50__psi0p00,0.084,borrow,57,1007,0.0,3,-0.6,-0.6,-0.6024412,0.9438723,0.11379618,0.11379618,1.0,0.009558879,0.084,0.0,0.012,0.6,0.6,-25.45908,2.0765605,0.69218683,0.17600001,0.0,0.15093039,0.0,0.0
hardzero_only__c0p58__z1p00__lam0p000__nu0p50__psi0p00,0.084,borrow,57,1008,0.0,3,-0.6,-0.6,-0.6024096,0.9424392,0.1141723,0.1141723,1.0,0.009590473,0.084,0.0,0.012,0.6,0.6,-25.95093,2.0734076,0.6911359,0.16000001,0.0,0.13645855,0.0,0.0
hardzero_only__c0p58__z1p00__lam0p000__nu0p50__psi0p00,0.084,borrow,57,1009,0.0,3,-0.6,-0.6,-0.61200005,1.0026073,0.0,0.09940144,0.0,0.0,0.084,0.0,0.012,0.6,0.6,-26.791143,2.2057803,0.7352601,0.15200001,0.0,0.13282427,0.0,0.0
hardzero_only__c0p58__z1p00__lam0p000__nu0p50__psi0p00,0.084,borrow,57,1010,0.0,3,-0.6,-0.6,-0.60253316,0.94807225,0.11270099,0.11270099,1.0,0.009466883,0.084,0.0,0.012,0.6,0.6,-26.73544,2.0858006,0.6952669,0.24800001,0.0,0.14089702,0.0,0.0
hardzero_only__c0p58__z1p00__lam0p000__nu0p50__psi0p00,0.084,borrow,57,1011,0.0,3,-0.6,-0.6,-0.6025172,0.9473411,0.112890884,0.112890884,1.0,0.0094828345,0.084,0.0,0.012,0.6,0.6,-26.389767,2.084192,0.6947307,0.16800001,0.0,0.13780305,0.0,0.0
hardzero_only__c0p58__z1p00__lam0p000__nu0p50__psi0p00,0.084,borrow,57,1012,0.0,3,-0.6,-0.6,-0.61200005,1.0112455,0.0,0.097443864,0.0,0.0,0.084,0.0,0.012,0.6,0.6,-27.24512,2.2247846,0.7415949,0.14400001,0.0,0.15414676,0.0,0.0
hardzero_only__c0p58__z1p00__lam0p000__nu0p50__psi0p00,0.084,borrow,57,1013,0.0,3,-0.6,-0.6,-0.60248435,0.9458392,0.11328196,0.11328196,1.0,0.009515684,0.084,0.0,0.012,0.6,0.6,-25.956831,2.0808878,0.69362926,0.192,0.0,0.14433666,0.0,0.0
hardzero_only__c0p58__z1p00__lam0p000__nu0p50__psi0p00,0.084,borrow,57,1014,0.0,3,-0.6,-0.6,-0.60328686,0.984102,0.10372848,0.10372848,1.0,0.008713192,0.084,0.0,0.012,0.6,0.6,-27.015272,2.1650677,0.7216892,0.19,0.0,0.12922318,0.0,0.0
hardzero_only__c0p58__z1p00__lam0p000__nu0p50__psi0p00,0.084,borrow,57,1015,0.0,3,-0.6,-0.6,-0.6028786,0.96421343,0.108589165,0.108589165,1.0,0.00912149,0.084,0.0,0.012,0.6,0.6,-26.07286,2.121312,0.70710397,0.136,0.0,0.10932713,0.0,0.0
hardzero_only__c0p58__z1p00__lam0p000__nu0p50__psi0p00,0.084,borrow,57,1016,0.0,3,-0.6,-0.6,-0.6030056,0.97030276,0.10707725,0.10707725,1.0,0.008994489,0.084,0.0,0.012,0.6,0.6,-26.42072,2.1347086,0.71156955,0.15200001,0.0,0.16296972,0.0,0.0
hardzero_only__c0p58__z1p00__lam0p000__nu0p50__psi0p00,0.084,borrow,57,1017,0.0,3,-0.6,-0.6,-0.6029964,0.96986115,0.10718618,0.10718618,1.0,0.009003639,0.084,0.0,0.012,0.6,0.6,-26.746881,2.133737,0.7112457,0.224,0.0,0.13088925,0.0,0.0
hardzero_only__c0p58__z1p00__lam0p000__nu0p50__psi0p00,0.084,borrow,57,1018,0.0,3,-0.6,-0.6,-0.61200005,1.0330774,0.0,0.09266646,0.0,0.0,0.084,0.0,0.012,0.6,0.6,-26.702482,2.2728155,0.7576052,0.15200001,0.0,0.14696293,0.0,0.0
hardzero_only__c0p58__z1p00__lam0p000__nu0p50__psi0p00,0.084,borrow,57,1019,0.0,3,-0.6,-0.6,-0.61200005,1.0131197,0.0,0.09702425,0.0,0.0,0.084,0.0,0.012,0.6,0.6,-27.64119,2.2289078,0.7429693,0.23200001,0.0,0.1554235,0.0,0.0
hardzero_only__c0p58__z1p00__lam0p000__nu0p50__psi0p00,0.084,borrow,57,1020,0.0,3,-0.6,-0.6,-0.60345244,0.99243385,0.10175744,0.10175744,1.0,0.008547625,0.084,0.0,0.012,0.6,0.6,-26.725018,2.183398,0.72779936,0.16800001,0.0,0.13529326,0.0,0.0
hardzero_only__c0p58__z1p00__lam0p000__nu0p50__psi0p00,0.084,borrow,57,1021,0.0,3,-0.6,-0.6,-0.61200005,1.0275445,0.0,0.09385458,0.0,0.0,0.084,0.0,0.012,0.6,0.6,-27.787231,2.260643,0.75354767,0.14400001,0.0,0.16312544,0.0,0.0
hardzero_only__c0p58__z1p00__lam0p000__nu0p50__psi0p00,0.084,borrow,57,1022,0.0,3,-0.6,-0.6,-0.60316545,0.97809315,0.105173625,0.105173625,1.0,0.008834585,0.084,0.0,0.012,0.6,0.6,-27.191973,2.1518478,0.71728265,0.192,0.0,0.15226147,0.0,0.0
hardzero_only__c0p58__z1p00__lam0p000__nu0p50__psi0p00,0.084,borrow,57,1023,0.0,3,-0.6,-0.6,-0.61200005,1.0057685,0.0,0.098680526,0.0,0.0,0.084,0.0,0.012,0.6,0.6,-27.13256,2.212735,0.73757833,0.15200001,0.0,0.16113865,0.0,0.0
hardzero_only__c0p58__z1p00__lam0p000__nu0p50__psi0p00,0.084,borrow,57,1024,0.0,3,-0.6,-0.6,-0.61200005,1.0706472,0.0,0.084987044,0.0,0.0,0.084,0.0,0.012,0.6,0.6,-27.789017,2.355471,0.78515697,0.104,0.0,0.15124093,0.0,0.0
hardzero_only__c0p58__z1p00__lam0p000__nu0p50__psi0p00,0.084,borrow,57,1025,0.0,3,-0.6,-0.6,-0.6031868,0.9791432,0.10491965,0.10491965,1.0,0.008813251,0.084,0.0,0.012,0.6,0.6,-26.490103,2.154158,0.71805274,0.24800001,0.0,0.12598209,0.0,0.0
hardzero_only__c0p58__z1p00__lam0p000__nu0p50__psi0p00,0.084,borrow,57,1026,0.0,3,-0.6,-0.6,-0.6034899,0.99433964,0.10131186,0.10131186,1.0,0.008510197,0.084,0.0,0.012,0.6,0.6,-27.314556,2.1875908,0.72919697,0.18400002,0.0,0.13462193,0.0,0.0
hardzero_only__c0p58__z1p00__lam0p000__nu0p50__psi0p00,0.084,borrow,57,1027,0.0,3,-0.6,-0.6,-0.61200005,1.0472893,0.0,0.08968314,0.0,0.0,0.084,0.0,0.012,0.6,0.6,-27.43057,2.3040824,0.7680275,0.13,0.0,0.1370788,0.0,0.0
hardzero_only__c0p58__z1p00__lam0p000__nu0p50__psi0p00,0.084,borrow,57,1028,0.0,3,-0.6,-0.6,-0.60288775,0.9646524,0.10847948,0.10847948,1.0,0.009112276,0.084,0.0,0.012,0.6,0.6,-26.501467,2.1222777,0.70742595,0.16000001,0.0,0.1370937,0.0,0.0
hardzero_only__c0p58__z1p00__lam0p000__nu0p50__psi0p00,0.084,borrow,57,1029,0.0,3,-0.6,-0.6,-0.60353255,0.9965239,0.1008036,0.1008036,1.0,0.008467502,0.084,0.0,0.012,0.6,0.6,-27.111975,2.1923964,0.73079884,0.18400002,0.0,0.14832808,0.0,0.0
hardzero_only__c0p58__z1p00__lam0p000__nu0p50__psi0p00,0.084,borrow,57,1030,0.0,3,-0.6,-0.6,-0.6027143,0.95646226,0.110544644,0.110544644,1.0,0.00928575,0.084,0.0,0.012,0.6,0.6,-26.39551,2.104259,0.7014197,0.256,0.0,0.14458422,0.0,0.0
hardzero_only__c0p58__z1p00__lam0p000__nu0p50__psi0p00,0.084,borrow,57,1031,0.0,3,-0.6,-0.6,-0.61200005,1.0371296,0.0,0.09180586,0.0,0.0,0.084,0.0,0.012,0.6,0.6,-28.260427,2.2817307,0.7605769,0.136,0.0,0.17006592,0.0,0.0
hardzero_only__c0p58__z1p00__lam0p000__nu0p50__psi0p00,0.084,borrow,57,1032,0.0,3,-0.6,-0.6,-0.61200005,1.0120988,0.0,0.09725259,0.0,0.0,0.084,0.0,0.012,0.6,0.6,-26.652813,2.226662,0.74222064,0.14400001,0.0,0.114602156,0.0,0.0
hardzero_only__c0p58__z1p00__lam0p000__nu0p50__psi0p00,0.084,borrow,57,1033,0.0,3,-0.6,-0.6,-0.61200005,1.0132883,0.0,0.09698659,0.0,0.0,0.084,0.0,0.012,0.6,0.6,-27.436008,2.2292788,0.74309295,0.128,0.0,0.13733526,0.0,0.0
hardzero_only__c0p58__z1p00__lam0p000__nu0p50__psi0p00,0.084,borrow,57,1034,0.0,3,-0.6,-0.6,-0.6031244,0.9760782,0.1056627,0.1056627,1.0,0.008875667,0.084,0.0,0.012,0.6,0.6,-25.722982,2.147415,0.715805,0.18400002,0.0,0.13836153,0.0,0.0
hardzero_only__c0p58__z1p00__lam0p000__nu0p50__psi0p00,0.084,borrow,57,1035,0.0,3,-0.6,-0.6,-0.6033072,0.9851169,0.10348635,0.10348635,1.0,0.008692853,0.084,0.0,0.012,0.6,0.6,-27.386776,2.1673005,0.7224335,0.18400002,0.0,0.1258294,0.0,0.0
hardzero_only__c0p58__z1p00__lam0p000__nu0p50__psi0p00,0.084,borrow,57,1036,0.0,3,-0.6,-0.6,-0.60251004,0.9470132,0.112976156,0.112976156,1.0,0.009489997,0.084,0.0,0.012,0.6,0.6,-26.266512,2.0834706,0.6944902,0.192,0.0,0.15330765,0.0,0.0
hardzero_only__c0p58__z1p00__lam0p000__nu0p50__psi0p00,0.084,borrow,57,1037,0.0,3,-0.6,-0.6,-0.61200005,1.0005479,0.0,0.09987393,0.0,0.0,0.084,0.0,0.012,0.6,0.6,-26.973696,2.2012494,0.7337498,0.192,0.0,0.16298948,0.0,0.0
hardzero_only__c0p58__z1p00__lam0p000__nu0p50__psi0p00,0.084,borrow,57,1038,0.0,3,-0.6,-0.6,-0.6030252,0.97125316,0.10684319,0.10684319,1.0,0.008974828,0.084,0.0,0.012,0.6,0.6,-26.037313,2.1367996,0.71226656,0.18400002,0.0,0.12879653,0.0,0.0
hardzero_only__c0p58__z1p00__lam0p000__nu0p50__psi0p00,0.084,borrow,57,1039,0.0,3,-0.6,-0.6,-0.60319,0.97930014,0.10488173,0.10488173,1.0,0.008810066,0.084,0.0,0.012,0.6,0.6,-26.737896,2.1545033,0.7181678,0.18400002,0.0,0.15165237,0.0,0.0
hardzero_only__c0p58__z1p00__lam0p000__nu0p50__psi0p00,0.084,borrow,57,1040,0.0,3,-0.6,-0.6,-0.603149,0.9772844,0.10536967,0.10536967,1.0,0.008851052,0.084,0.0,0.012,0.6,0.6,-26.340498,2.1500685,0.7166895,0.13,0.0,0.12873973,0.0,0.0
hardzero_only__c0p58__z1p00__lam0p000__nu0p50__psi0p00,0.084,borrow,57,1041,0.0,3,-0.6,-0.6,-0.6030252,0.9712515,0.106843606,0.106843606,1.0,0.008974863,0.084,0.0,0.012,0.6,0.6,-26.935696,2.136796,0.7122654,0.128,0.0,0.123067096,0.0,0.0
hardzero_only__c0p58__z1p00__lam0p000__nu0p50__psi0p00,0.084,borrow,57,1042,0.0,3,-0.6,-0.6,-0.6029244,0.96640193,0.10804334,0.10804334,1.0,0.009075641,0.084,0.0,0.012,0.6,0.6,-26.687584,2.1261268,0.70870894,0.2,0.0,0.13499223,0.0,0.0
hardzero_only__c0p58__z1p00__lam0p000__nu0p50__psi0p00,0.084,borrow,57,1043,0.0,3,-0.6,-0.6,-0.6034355,0.99157596,0.101958625,0.101958625,1.0,0.008564524,0.084,0.0,0.012,0.6,0.6,-26.713318,2.1815107,0.7271702,0.120000005,0.0,0.15230146,0.0,0.0
hardzero_only__c0p58__z1p00__lam0p000__nu0p50__psi0p00,0.084,borrow,57,1044,0.0,3,-0.6,-0.6,-0.61200005,1.0173903,0.0,0.09607484,0.0,0.0,0.084,0.0,0.012,0.6,0.6,-27.334599,2.2383032,0.7461011,0.16000001,0.0,0.14735314,0.0,0.0
hardzero_only__c0p58__z1p00__lam0p000__nu0p50__psi0p00,0.084,borrow,57,1045,0.0,3,-0.6,-0.6,-0.6034,0.9897779,0.10238163,0.10238163,1.0,0.008600057,0.084,0.0,0.012,0.6,0.6,-26.128729,2.1775548,0.72585166,0.128,0.0,0.15715389,0.0,0.0
hardzero_only__c0p58__z1p00__lam0p000__nu0p50__psi0p00,0.084,borrow,57,1046,0.0,3,-0.6,-0.6,-0.6032033,0.9799562,0.104723416,0.104723416,1.0,0.008796766,0.084,0.0,0.012,0.6,0.6,-25.913252,2.1559467,0.7186489,0.2,0.0,0.1304093,0.0,0.0
hardzero_only__c0p58__z1p00__lam0p000__nu0p50__psi0p00,0.084,borrow,57,1047,0.0,3,-0.6,-0.6,-0.6024615,0.94479734,0.11355405,0.11355405,1.0,0.009538541,0.084,0.0,0.012,0.6,0.6,-26.344233,2.0785956,0.69286525,0.256,0.016,0.12906598,0.0,0.0
hardzero_only__c0p58__z1p00__lam0p000__nu0p50__psi0p00,0.084,borrow,57,1048,0.0,3,-0.6,-0.6,-0.61200005,1.0150609,0.0,0.09659154,0.0,0.0,0.084,0.0,0.012,0.6,0.6,-26.827036,2.2331786,0.7443929,0.192,0.0,0.14740856,0.0,0.0
hardzero_only__c0p58__z1p00__lam0p000__nu0p50__psi0p00,0.084,borrow,57,1049,0.0,3,-0.6,-0.6,-0.61200005,1.0080143,0.0,0.098171555,0.0,0.0,0.084,0.0,0.012,0.6,0.6,-27.15175,2.2176757,0.73922527,0.192,0.0,0.14088139,0.0,0.0
hardzero_only__c0p58__z1p00__lam0p000__nu0p50__psi0p00,0.084,borrow,57,1050,0.0,3,-0.6,-0.6,-0.60343736,0.99167037,0.10193647,0.10193647,1.0,0.008562664,0.084,0.0,0.012,0.6,0.6,-26.942413,2.1817183,0.7272395,0.192,0.0,0.14726806,0.0,0.0
hardzero_only__c0p58__z1p00__lam0p000__nu0p50__psi0p00,0.084,borrow,57,1051,0.0,3,-0.6,-0.6,-0.60268056,0.95488757,0.110946186,0.110946186,1.0,0.00931948,0.084,0.0,0.012,0.6,0.6,-26.675411,2.1007946,0.7002649,0.16800001,0.0,0.10744512,0.0,0.0
hardzero_only__c0p58__z1p00__lam0p000__nu0p50__psi0p00,0.084,borrow,57,1052,0.0,3,-0.6,-0.6,-0.6031752,0.97857267,0.10505757,0.10505757,1.0,0.0088248355,0.084,0.0,0.012,0.6,0.6,-26.405739,2.1529028,0.7176343,0.18400002,0.0,0.14016409,0.0,0.0
hardzero_only__c0p58__z1p00__lam0p000__nu0p50__psi0p00,0.084,borrow,57,1053,0.0,3,-0.6,-0.6,-0.60322034,0.98080075,0.104519956,0.104519956,1.0,0.008779677,0.084,0.0,0.012,0.6,0.6,-27.021986,2.1578047,0.71926826,0.16,0.0,0.1467759,0.0,0.0
hardzero_only__c0p58__z1p00__lam0p000__nu0p50__psi0p00,0.084,borrow,57,1054,0.0,3,-0.6,-0.6,-0.6031762,0.97861874,0.10504642,0.10504642,1.0,0.0088239,0.084,0.0,0.012,0.6,0.6,-25.892334,2.1530042,0.71766806,0.14400001,0.0,0.12300072,0.0,0.0
hardzero_only__c0p58__z1p00__lam0p000__nu0p50__psi0p00,0.084,borrow,57,1055,0.0,3,-0.6,-0.6,-0.61200005,1.0018692,0.0,0.09957053,0.0,0.0,0.084,0.0,0.012,0.6,0.6,-27.136375,2.2041562,0.73471874,0.18400002,0.0,0.12616614,0.0,0.0
hardzero_only__c0p58__z1p00__lam0p000__nu0p50__psi0p00,0.084,borrow,57,1056,0.0,3,-0.6,-0.6,-0.6035361,0.9967071,0.1007611,0.1007611,1.0,0.008463932,0.084,0.0,0.012,0.6,0.6,-26.907677,2.1927993,0.7309331,0.17600001,0.0,0.14262073,0.0,0.0
hardzero_only__c0p58__z1p00__lam0p000__nu0p50__psi0p00,0.084,borrow,57,1057,0.0,3,-0.6,-0.6,-0.60250586,0.9468204,0.11302633,0.11302633,1.0,0.0094942115,0.084,0.0,0.012,0.6,0.6,-25.996517,2.0830464,0.6943488,0.216,0.0,0.14820646,0.0,0.0
hardzero_only__c0p58__z1p00__lam0p000__nu0p50__psi0p00,0.084,borrow,57,1058,0.0,3,-0.6,-0.6,-0.61200005,1.0050445,0.0,0.098845184,0.0,0.0,0.084,0.0,0.012,0.6,0.6,-26.874367,2.211142,0.7370474,0.136,0.0,0.13457261,0.0,0.0
hardzero_only__c0p58__z1p00__lam0p000__nu0p50__psi0p00,0.084,borrow,57,1059,0.0,3,-0.6,-0.6,-0.60331535,0.98552424,0.10338934,0.10338934,1.0,0.008684704,0.084,0.0,0.012,0.6,0.6,-26.945774,2.1681967,0.72273225,0.16800001,0.0,0.17563413,0.0,0.0
hardzero_only__c0p58__z1p00__lam0p000__nu0p50__psi0p00,0.084,borrow,57,1060,0.0,3,-0.6,-0.6,-0.60349566,0.9946372,0.1012425,0.1012425,1.0,0.008504369,0.084,0.0,0.012,0.6,0.6,-27.27138,2.1882455,0.7294152,0.192,0.0,0.123668484,0.0,0.0
hardzero_only__c0p58__z1p00__lam0p000__nu0p50__psi0p00,0.084,borrow,57,1061,0.0,3,-0.6,-0.6,-0.61200005,1.0388721,0.0,0.09143824,0.0,0.0,0.084,0.0,0.012,0.6,0.6,-27.959475,2.2855644,0.7618548,0.128,0.0,0.14458004,0.0,0.0
hardzero_only__c0p58__z1p00__lam0p000__nu0p50__psi0p00,0.084,borrow,57,1062,0.0,3,-0.6,-0.6,-0.60265166,0.95354146,0.111290626,0.111290626,1.0,0.009348412,0.084,0.0,0.012,0.6,0.6,-25.670462,2.0978332,0.69927776,0.16800001,0.0,0.12668101,0.0,0.0
hardzero_only__c0p58__z1p00__lam0p000__nu0p50__psi0p00,0.084,borrow,57,1063,0.0,3,-0.6,-0.6,-0.6030385,0.97189575,0.10668522,0.10668522,1.0,0.008961558,0.084,0.0,0.012,0.6,0.6,-26.649536,2.1382134,0.7127378,0.136,0.0,0.15245564,0.0,0.0
hardzero_only__c0p58__z1p00__lam0p000__nu0p50__psi0p00,0.084,borrow,57,1064,0.0,3,-0.6,-0.6,-0.61200005,1.0528135,0.0,0.08854958,0.0,0.0,0.084,0.0,0.012,0.6,0.6,-27.31739,2.316236,0.7720787,0.128,0.0,0.157299,0.0,0.0
hardzero_only__c0p58__z1p00__lam0p000__nu0p50__psi0p00,0.084,borrow,57,1065,0.0,3,-0.6,-0.6,-0.6034641,0.99302953,0.101617955,0.101617955,1.0,0.008535909,0.084,0.0,0.012,0.6,0.6,-27.04686,2.1847086,0.7282362,0.15200001,0.0,0.1446153,0.0,0.0
hardzero_only__c0p58__z1p00__lam0p000__nu0p50__psi0p00,0.084,borrow,57,1066,0.0,3,-0.6,-0.6,-0.60357225,0.99856585,0.10033078,0.10033078,1.0,0.008427785,0.084,0.0,0.012,0.6,0.6,-27.626972,2.1968887,0.7322962,0.12,0.0,0.15472226,0.0,0.0
hardzero_only__c0p58__z1p00__lam0p000__nu0p50__psi0p00,0.084,borrow,57,1067,0.0,3,-0.6,-0.6,-0.60355467,0.9976607,0.10054009,0.10054009,1.0,0.008445367,0.084,0.0,0.012,0.6,0.6,-26.674454,2.1948974,0.7316325,0.17600001,0.0,0.13046858,0.0,0.0
hardzero_only__c0p58__z1p00__lam0p000__nu0p50__psi0p00,0.084,borrow,57,1068,0.0,3,-0.6,-0.6,-0.60344446,0.99202925,0.10185226,0.10185226,1.0,0.00855559,0.084,0.0,0.012,0.6,0.6,-26.891727,2.182508,0.7275027,0.18400002,0.0,0.13423593,0.0,0.0
hardzero_only__c0p58__z1p00__lam0p000__nu0p50__psi0p00,0.084,borrow,57,1069,0.0,3,-0.6,-0.6,-0.60301405,0.9707129,0.106976174,0.106976174,1.0,0.008985998,0.084,0.0,0.012,0.6,0.6,-27.19768,2.135611,0.7118704,0.192,0.0,0.15053238,0.0,0.0
hardzero_only__c0p58__z1p00__lam0p000__nu0p50__psi0p00,0.084,borrow,57,1070,0.0,3,-0.6,-0.6,-0.61200005,1.006485,0.0,0.09851788,0.0,0.0,0.084,0.0,0.012,0.6,0.6,-27.53892,2.2143111,0.73810375,0.18400002,0.0,0.15842462,0.0,0.0
hardzero_only__c0p58__z1p00__lam0p000__nu0p50__psi0p00,0.084,borrow,57,1071,0.0,3,-0.6,-0.6,-0.61200005,1.0324196,0.0,0.09280693,0.0,0.0,0.084,0.0,0.012,0.6,0.6,-27.61736,2.2713685,0.7571229,0.2,0.0,0.15692739,0.0,0.0
hardzero_only__c0p58__z1p00__lam0p000__nu0p50__psi0p00,0.084,borrow,57,1072,0.0,3,-0.6,-0.6,-0.61200005,1.0181487,0.0,0.095907226,0.0,0.0,0.084,0.0,0.012,0.6,0.6,-26.887318,2.2399719,0.7466573,0.16000001,0.0,0.15159088,0.0,0.0
hardzero_only__c0p58__z1p00__lam0p000__nu0p50__psi0p00,0.084,borrow,57,1073,0.0,3,-0.6,-0.6,-0.6017869,0.91512054,0.12158485,0.12158485,1.0,0.010213127,0.084,0.0,0.012,0.6,0.6,-25.469137,2.0133054,0.6711018,0.23200001,0.0,0.13660185,0.0,0.0
hardzero_only__c0p58__z1p00__lam0p000__nu0p50__psi0p00,0.084,borrow,57,1074,0.0,3,-0.6,-0.6,-0.60349745,0.99472684,0.10122159,0.10122159,1.0,0.008502614,0.084,0.0,0.012,0.6,0.6,-26.657068,2.1884427,0.7294809,0.17600001,0.0,0.1670976,0.0,0.0
hardzero_only__c0p58__z1p00__lam0p000__nu0p50__psi0p00,0.084,borrow,57,1075,0.0,3,-0.6,-0.6,-0.60302633,0.9713063,0.1068301,0.1068301,1.0,0.008973728,0.084,0.0,0.012,0.6,0.6,-26.26331,2.1369166,0.71230555,0.224,0.0,0.14296946,0.0,0.0
hardzero_only__c0p58__z1p00__lam0p000__nu0p50__psi0p00,0.084,borrow,57,1076,0.0,3,-0.6,-0.6,-0.61200005,1.0188124,0.0,0.09576077,0.0,0.0,0.084,0.0,0.012,0.6,0.6,-28.125334,2.2414322,0.7471441,0.096,0.0,0.13390712,0.0,0.0
hardzero_only__c0p58__z1p00__lam0p000__nu0p50__psi0p00,0.084,borrow,57,1077,0.0,3,-0.6,-0.6,-0.6033545,0.987486,0.10292336,0.10292336,1.0,0.008645562,0.084,0.0,0.012,0.6,0.6,-27.054638,2.1725125,0.72417086,0.2,0.008,0.15315364,0.0,0.0
hardzero_only__c0p58__z1p00__lam0p000__nu0p50__psi0p00,0.084,borrow,57,1078,0.0,3,-0.6,-0.6,-0.61200005,1.0328467,0.0,0.0927157,0.0,0.0,0.084,0.0,0.012,0.6,0.6,-26.623873,2.272308,0.75743604,0.15200001,0.0,0.13316198,0.0,0.0
hardzero_only__c0p58__z1p00__lam0p000__nu0p50__psi0p00,0.084,borrow,57,1079,0.0,3,-0.6,-0.6,-0.61200005,1.04274,0.0,0.09062749,0.0,0.0,0.084,0.0,0.012,0.6,0.6,-27.689873,2.2940738,0.7646913,0.13,0.0,0.17827941,0.0,0.0
hardzero_only__c0p58__z1p00__lam0p000__nu0p50__psi0p00,0.084,borrow,57,1080,0.0,3,-0.6,-0.6,-0.61200005,1.0159864,0.0,0.0963859,0.0,0.0,0.084,0.0,0.012,0.6,0.6,-27.69772,2.2352147,0.7450716,0.16800001,0.0,0.122392125,0.0,0.0
hardzero_only__c0p58__z1p00__lam0p000__nu0p50__psi0p00,0.084,borrow,57,1081,0.0,3,-0.6,-0.6,-0.60316217,0.9779322,0.1052126,0.1052126,1.0,0.008837858,0.084,0.0,0.012,0.6,0.6,-26.846447,2.1514938,0.71716464,0.16000001,0.0,0.14817141,0.0,0.0
hardzero_only__c0p58__z1p00__lam0p000__nu0p50__psi0p00,0.084,borrow,57,1082,0.0,3,-0.6,-0.6,-0.60359097,0.99952966,0.10010835,0.10010835,1.0,0.0084091015,0.084,0.0,0.012,0.6,0.6,-27.069332,2.1990092,0.7330031,0.104,0.0,0.13319764,0.0,0.0
hardzero_only__c0p58__z1p00__lam0p000__nu0p50__psi0p00,0.084,borrow,57,1083,0.0,3,-0.6,-0.6,-0.61200005,1.0195136,0.0,0.09560628,0.0,0.0,0.084,0.0,0.012,0.6,0.6,-27.358479,2.2429748,0.74765825,0.14400001,0.0,0.1409238,0.0,0.0
hardzero_only__c0p58__z1p00__lam0p000__nu0p50__psi0p00,0.084,borrow,57,1084,0.0,3,-0.6,-0.6,-0.61200005,1.0291793,0.0,0.093501955,0.0,0.0,0.084,0.0,0.012,0.6,0.6,-27.800524,2.2642398,0.7547466,0.16000001,0.0,0.14093323,0.0,0.0
hardzero_only__c0p58__z1p00__lam0p000__nu0p50__psi0p00,0.084,borrow,57,1085,0.0,3,-0.6,-0.6,-0.60292184,0.96628046,0.108073585,0.108073585,1.0,0.009078181,0.084,0.0,0.012,0.6,0.6,-26.267544,2.1258595,0.70861983,0.17600001,0.0,0.13338676,0.0,0.0
hardzero_only__c0p58__z1p00__lam0p000__nu0p50__psi0p00,0.084,borrow,57,1086,0.0,3,-0.6,-0.6,-0.6035123,0.99548477,0.101045094,0.101045094,1.0,0.008487788,0.084,0.0,0.012,0.6,0.6,-27.096407,2.1901102,0.73003674,0.24800001,0.0,0.13843791,0.0,0.0
hardzero_only__c0p58__z1p00__lam0p000__nu0p50__psi0p00,0.084,borrow,57,1087,0.0,3,-0.6,-0.6,-0.6032871,0.9841135,0.10372573,0.10372573,1.0,0.008712961,0.084,0.0,0.012,0.6,0.6,-26.615631,2.165093,0.7216977,0.16800001,0.0,0.13888948,0.0,0.0
hardzero_only__c0p58__z1p00__lam0p000__nu0p50__psi0p00,0.084,borrow,57,1088,0.0,3,-0.6,-0.6,-0.60349274,0.9944872,0.101277456,0.101277456,1.0,0.008507306,0.084,0.0,0.012,0.6,0.6,-26.82536,2.1879156,0.7293052,0.104,0.0,0.10762144,0.0,0.0
hardzero_only__c0p58__z1p00__lam0p000__nu0p50__psi0p00,0.084,borrow,57,1089,0.0,3,-0.6,-0.6,-0.60354227,0.9970238,0.10068763,0.10068763,1.0,0.008457761,0.084,0.0,0.012,0.6,0.6,-26.434856,2.1934962,0.7311654,0.18400002,0.0,0.14177214,0.0,0.0
hardzero_only__c0p58__z1p00__lam0p000__nu0p50__psi0p00,0.084,borrow,57,1090,0.0,3,-0.6,-0.6,-0.60224503,0.93505186,0.11613098,0.11613098,1.0,0.009755002,0.084,0.0,0.012,0.6,0.6,-26.051876,2.0571551,0.6857184,0.24800001,0.0,0.14800484,0.0,0.0
hardzero_only__c0p58__z1p00__lam0p000__nu0p50__psi0p00,0.084,borrow,57,1091,0.0,3,-0.6,-0.6,-0.61200005,1.0015538,0.0,0.09964286,0.0,0.0,0.084,0.0,0.012,0.6,0.6,-27.47872,2.2034624,0.7344875,0.16000001,0.0,0.13781059,0.0,0.0
hardzero_only__c0p58__z1p00__lam0p000__nu0p50__psi0p00,0.084,borrow,57,1092,0.0,3,-0.6,-0.6,-0.60284895,0.9628071,0.108941376,0.108941376,1.0,0.009151075,0.084,0.0,0.012,0.6,0.6,-26.203869,2.118218,0.7060727,0.21,0.0,0.12934786,0.0,0.0
hardzero_only__c0p58__z1p00__lam0p000__nu0p50__psi0p00,0.084,borrow,57,1093,0.0,3,-0.6,-0.6,-0.6026714,0.95445895,0.111055754,0.111055754,1.0,0.009328683,0.084,0.0,0.012,0.6,0.6,-25.538029,2.0998516,0.6999506,0.17600001,0.0,0.13720389,0.0,0.0
hardzero_only__c0p58__z1p00__lam0p000__nu0p50__psi0p00,0.084,borrow,57,1094,0.0,3,-0.6,-0.6,-0.61200005,1.0085177,0.0,0.09805783,0.0,0.0,0.084,0.0,0.012,0.6,0.6,-27.764078,2.2187834,0.73959446,0.2,0.0,0.15581116,0.0,0.0
hardzero_only__c0p58__z1p00__lam0p000__nu0p50__psi0p00,0.084,borrow,57,1095,0.0,3,-0.6,-0.6,-0.61200005,1.0248141,0.0,0.09444651,0.0,0.0,0.084,0.0,0.012,0.6,0.6,-27.439318,2.254636,0.75154537,0.112,0.0,0.14846839,0.0,0.0
hardzero_only__c0p58__z1p00__lam0p000__nu0p50__psi0p00,0.084,borrow,57,1096,0.0,3,-0.6,-0.6,-0.60342604,0.9910967,0.10207122,0.10207122,1.0,0.008573982,0.084,0.0,0.012,0.6,0.6,-27.14258,2.1804562,0.72681874,0.136,0.0,0.12951477,0.0,0.0
hardzero_only__c0p58__z1p00__lam0p000__nu0p50__psi0p00,0.084,borrow,57,1097,0.0,3,-0.6,-0.6,-0.6032933,0.9844228,0.103651896,0.103651896,1.0,0.008706759,0.084,0.0,0.012,0.6,0.6,-27.11032,2.1657734,0.7219245,0.272,0.0,0.13472694,0.0,0.0
hardzero_only__c0p58__z1p00__lam0p000__nu0p50__psi0p00,0.084,borrow,57,1098,0.0,3,-0.6,-0.6,-0.61200005,1.005042,0.0,0.09884575,0.0,0.0,0.084,0.0,0.012,0.6,0.6,-27.2257,2.2111366,0.7370455,0.17600001,0.0,0.15085243,0.0,0.0
hardzero_only__c0p58__z1p00__lam0p000__nu0p50__psi0p00,0.084,borrow,57,1099,0.0,3,-0.6,-0.6,-0.6028558,0.96313095,0.10886018,0.10886018,1.0,0.009144255,0.084,0.0,0.012,0.6,0.6,-25.816566,2.1189303,0.70631015,0.216,0.0,0.13559285,0.0,0.0
hardzero_only__c0p58__z1p00__lam0p000__nu0p50__psi0p00,0.084,borrow,57,1100,0.0,3,-0.6,-0.6,-0.6024506,0.94430274,0.11368346,0.11368346,1.0,0.009549411,0.084,0.0,0.012,0.6,0.6,-26.15494,2.0775075,0.6925025,0.17600001,0.0,0.13575938,0.0,0.0
hardzero_only__c0p58__z1p00__lam0p000__nu0p50__psi0p00,0.084,borrow,57,1101,0.0,3,-0.6,-0.6,-0.60317713,0.9786666,0.10503483,0.10503483,1.0,0.008822925,0.084,0.0,0.012,0.6,0.6,-26.475359,2.1531096,0.7177032,0.18400002,0.0,0.14960095,0.0,0.0
hardzero_only__c0p58__z1p00__lam0p000__nu0p50__psi0p00,0.084,borrow,57,1102,0.0,3,-0.6,-0.6,-0.60295457,0.9678478,0.10768423,0.10768423,1.0,0.009045475,0.084,0.0,0.012,0.6,0.6,-26.7911,2.1293077,0.70976925,0.15200001,0.0,0.10715517,0.0,0.0
hardzero_only__c0p58__z1p00__lam0p000__nu0p50__psi0p00,0.084,borrow,57,1103,0.0,3,-0.6,-0.6,-0.6033155,0.98553187,0.103387535,0.103387535,1.0,0.008684553,0.084,0.0,0.012,0.6,0.6,-27.224384,2.1682134,0.7227378,0.2,0.0,0.13962686,0.0,0.0
hardzero_only__c0p58__z1p00__lam0p000__nu0p50__psi0p00,0.084,borrow,57,1104,0.0,3,-0.6,-0.6,-0.61200005,1.0066091,0.0,0.09848972,0.0,0.0,0.084,0.0,0.012,0.6,0.6,-26.904041,2.214584,0.7381947,0.14400001,0.0,0.13167788,0.0,0.0
hardzero_only__c0p58__z1p00__lam0p000__nu0p50__psi0p00,0.084,borrow,57,1105,0.0,3,-0.6,-0.6,-0.61200005,1.0000993,0.0,0.09997714,0.0,0.0,0.084,0.0,0.012,0.6,0.6,-27.067612,2.2002623,0.7334208,0.14,0.0,0.1224026,0.0,0.0
hardzero_only__c0p58__z1p00__lam0p000__nu0p50__psi0p00,0.084,borrow,57,1106,0.0,3,-0.6,-0.6,-0.61200005,1.0230248,0.0,0.094836414,0.0,0.0,0.084,0.0,0.012,0.6,0.6,-28.059853,2.2506995,0.7502332,0.14400001,0.0,0.14827132,0.0,0.0
hardzero_only__c0p58__z1p00__lam0p000__nu0p50__psi0p00,0.084,borrow,57,1107,0.0,3,-0.6,-0.6,-0.60330933,0.9852226,0.10346119,0.10346119,1.0,0.00869074,0.084,0.0,0.012,0.6,0.6,-26.982542,2.167533,0.722511,0.16800001,0.0,0.13163772,0.0,0.0
hardzero_only__c0p58__z1p00__lam0p000__nu0p50__psi0p00,0.084,borrow,57,1108,0.0,3,-0.6,-0.6,-0.60258794,0.9505935,0.11204863,0.11204863,1.0,0.009412085,0.084,0.0,0.012,0.6,0.6,-26.802471,2.0913475,0.69711584,0.16000001,0.0,0.14603572,0.0,0.0
hardzero_only__c0p58__z1p00__lam0p000__nu0p50__psi0p00,0.084,borrow,57,1109,0.0,3,-0.6,-0.6,-0.60181916,0.91649467,0.121200755,0.121200755,1.0,0.010180864,0.084,0.0,0.012,0.6,0.6,-24.437864,2.0163286,0.67210954,0.2,0.0,0.100041404,0.0,0.0
hardzero_only__c0p58__z1p00__lam0p000__nu0p50__psi0p00,0.084,borrow,57,1110,0.0,3,-0.6,-0.6,-0.6027662,0.9588968,0.1099267,0.1099267,1.0,0.009233843,0.084,0.0,0.012,0.6,0.6,-26.423006,2.109615,0.70320505,0.17600001,0.0,0.15542333,0.0,0.0
hardzero_only__c0p58__z1p00__lam0p000__nu0p50__psi0p00,0.084,borrow,57,1111,0.0,3,-0.6,-0.6,-0.60319906,0.97974944,0.10477329,0.10477329,1.0,0.008800956,0.084,0.0,0.012,0.6,0.6,-26.552486,2.1554918,0.7184973,0.18400002,0.0,0.14266403,0.0,0.0
hardzero_only__c0p58__z1p00__lam0p000__nu0p50__psi0p00,0.084,borrow,57,1112,0.0,3,-0.6,-0.6,-0.60325086,0.98231286,0.10415668,0.10415668,1.0,0.008749161,0.084,0.0,0.012,0.6,0.6,-27.651518,2.1611314,0.72037715,0.17600001,0.0,0.14147054,0.0,0.0
hardzero_only__c0p58__z1p00__lam0p000__nu0p50__psi0p00,0.084,borrow,57,1113,0.0,3,-0.6,-0.6,-0.60301834,0.97091925,0.10692535,0.10692535,1.0,0.00898173,0.084,0.0,0.012,0.6,0.6,-26.23611,2.136065,0.7120217,0.14400001,0.0,0.1414638,0.0,0.0
hardzero_only__c0p58__z1p00__lam0p000__nu0p50__psi0p00,0.084,borrow,57,1114,0.0,3,-0.6,-0.6,-0.60253644,0.9482223,0.11266206,0.11266206,1.0,0.009463613,0.084,0.0,0.012,0.6,0.6,-26.29352,2.0861306,0.6953769,0.2,0.0,0.15274778,0.0,0.0
hardzero_only__c0p58__z1p00__lam0p000__nu0p50__psi0p00,0.084,borrow,57,1115,0.0,3,-0.6,-0.6,-0.61200005,1.0128093,0.0,0.09709362,0.0,0.0,0.084,0.0,0.012,0.6,0.6,-26.708906,2.228225,0.7427417,0.104,0.0,0.11377093,0.0,0.0
hardzero_only__c0p58__z1p00__lam0p000__nu0p50__psi0p00,0.084,borrow,57,1116,0.0,3,-0.6,-0.6,-0.6030377,0.9718596,0.1066941,0.1066941,1.0,0.008962304,0.084,0.0,0.012,0.6,0.6,-25.9261,2.1381338,0.7127113,0.08800001,0.0,0.12152793,0.0,0.0
hardzero_only__c0p58__z1p00__lam0p000__nu0p50__psi0p00,0.084,borrow,57,1117,0.0,3,-0.6,-0.6,-0.60249406,0.94628114,0.11316676,0.11316676,1.0,0.009506008,0.084,0.0,0.012,0.6,0.6,-26.108438,2.08186,0.6939534,0.18400002,0.0,0.12447734,0.0,0.0
hardzero_only__c0p58__z1p00__lam0p000__nu0p50__psi0p00,0.084,borrow,57,1118,0.0,3,-0.6,-0.6,-0.61200005,1.0027887,0.0,0.099359944,0.0,0.0,0.084,0.0,0.012,0.6,0.6,-26.758833,2.2061791,0.73539305,0.14999999,0.0,0.12903456,0.0,0.0
hardzero_only__c0p58__z1p00__lam0p000__nu0p50__psi0p00,0.084,borrow,57,1119,0.0,3,-0.6,-0.6,-0.61200005,1.0059849,0.0,0.09863137,0.0,0.0,0.084,0.0,0.012,0.6,0.6,-27.455143,2.213211,0.73773706,0.16000001,0.0,0.1559867,0.0,0.0
hardzero_only__c0p58__z1p00__lam0p000__nu0p50__psi0p00,0.084,borrow,57,1120,0.0,3,-0.6,-0.6,-0.6035748,0.9986985,0.10030014,0.10030014,1.0,0.0084252115,0.084,0.0,0.012,0.6,0.6,-27.019192,2.1971805,0.7323935,0.2,0.0,0.14673622,0.0,0.0
hardzero_only__c0p58__z1p00__lam0p000__nu0p50__psi0p00,0.084,borrow,57,1121,0.0,3,-0.6,-0.6,-0.6029267,0.96650946,0.10801661,0.10801661,1.0,0.009073395,0.084,0.0,0.012,0.6,0.6,-26.375061,2.1263633,0.7087878,0.18400002,0.0,0.14141555,0.0,0.0
hardzero_only__c0p58__z1p00__lam0p000__nu0p50__psi0p00,0.084,borrow,57,1122,0.0,3,-0.6,-0.6,-0.61200005,1.0584933,0.0,0.08739904,0.0,0.0,0.084,0.0,0.012,0.6,0.6,-27.451061,2.3287318,0.7762439,0.08800001,0.0,0.1411567,0.0,0.0
hardzero_only__c0p58__z1p00__lam0p000__nu0p50__psi0p00,0.084,borrow,57,1123,0.0,3,-0.6,-0.6,-0.61200005,1.0361108,0.0,0.092021495,0.0,0.0,0.084,0.0,0.012,0.6,0.6,-27.304762,2.2794893,0.75982976,0.128,0.0,0.16380124,0.0,0.0
hardzero_only__c0p58__z1p00__lam0p000__nu0p50__psi0p00,0.084,borrow,57,1124,0.0,3,-0.6,-0.6,-0.6030996,0.9748678,0.10595761,0.10595761,1.0,0.008900439,0.084,0.0,0.012,0.6,0.6,-26.568949,2.144752,0.71491736,0.216,0.0,0.12182123,0.0,0.0
hardzero_only__c0p58__z1p00__lam0p000__nu0p50__psi0p00,0.084,borrow,57,1125,0.0,3,-0.6,-0.6,-0.60345495,0.9925617,0.10172747,0.10172747,1.0,0.008545107,0.084,0.0,0.012,0.6,0.6,-26.100767,2.1836793,0.7278931,0.2,0.008,0.13721329,0.0,0.0
hardzero_only__c0p58__z1p00__lam0p000__nu0p50__psi0p00,0.084,borrow,57,1126,0.0,3,-0.6,-0.6,-0.60256064,0.9493351,0.11237376,0.11237376,1.0,0.009439396,0.084,0.0,0.012,0.6,0.6,-26.377392,2.088579,0.696193,0.208,0.0,0.13846968,0.0,0.0
hardzero_only__c0p58__z1p00__lam0p000__nu0p50__psi0p00,0.084,borrow,57,1127,0.0,3,-0.6,-0.6,-0.60298693,0.9694038,0.10729913,0.10729913,1.0,0.009013127,0.084,0.0,0.012,0.6,0.6,-26.836502,2.132731,0.7109103,0.216,0.0,0.15360421,0.0,0.0
hardzero_only__c0p58__z1p00__lam0p000__nu0p50__psi0p00,0.084,borrow,57,1128,0.0,3,-0.6,-0.6,-0.60320985,0.9802808,0.10464517,0.10464517,1.0,0.008790194,0.084,0.0,0.012,0.6,0.6,-27.132944,2.1566608,0.718887,0.16000001,0.0,0.13102211,0.0,0.0
hardzero_only__c0p58__z1p00__lam0p000__nu0p50__psi0p00,0.084,borrow,57,1129,0.0,3,-0.6,-0.6,-0.6025072,0.9468817,0.11301037,0.11301037,1.0,0.009492871,0.084,0.0,0.012,0.6,0.6,-26.303108,2.0831814,0.6943938,0.23200001,0.008,0.1362908,0.0,0.0
hardzero_only__c0p58__z1p00__lam0p000__nu0p50__psi0p00,0.084,borrow,57,1130,0.0,3,-0.6,-0.6,-0.6035102,0.9953805,0.10106935,0.10106935,1.0,0.008489826,0.084,0.0,0.012,0.6,0.6,-26.902119,2.1898808,0.7299603,0.18400002,0.0,0.12614116,0.0,0.0
hardzero_only__c0p58__z1p00__lam0p000__nu0p50__psi0p00,0.084,borrow,57,1131,0.0,3,-0.6,-0.6,-0.61200005,1.0382907,0.0,0.09156074,0.0,0.0,0.084,0.0,0.012,0.6,0.6,-27.46585,2.2842853,0.7614285,0.099999994,0.0,0.14783837,0.0,0.0
hardzero_only__c0p58__z1p00__lam0p000__nu0p50__psi0p00,0.084,borrow,57,1132,0.0,3,-0.6,-0.6,-0.6034693,0.99329364,0.101556174,0.101556174,1.0,0.008530718,0.084,0.0,0.012,0.6,0.6,-27.312275,2.1852896,0.7284299,0.17600001,0.008,0.1502115,0.0,0.0
hardzero_only__c0p58__z1p00__lam0p000__nu0p50__psi0p00,0.084,borrow,57,1133,0.0,3,-0.6,-0.6,-0.60335934,0.9877309,0.102865346,0.102865346,1.0,0.008640689,0.084,0.0,0.012,0.6,0.6,-26.781065,2.1730514,0.72435045,0.15200001,0.0,0.13323435,0.0,0.0
hardzero_only__c0p58__z1p00__lam0p000__nu0p50__psi0p00,0.084,borrow,57,1134,0.0,3,-0.6,-0.6,-0.60262114,0.9521256,0.11165404,0.11165404,1.0,0.00937894,0.084,0.0,0.012,0.6,0.6,-26.60923,2.0947182,0.69823945,0.224,0.0,0.15342365,0.0,0.0
hardzero_only__c0p58__z1p00__lam0p000__nu0p50__psi0p00,0.084,borrow,57,1135,0.0,3,-0.6,-0.6,-0.6026517,0.95354503,0.111289695,0.111289695,1.0,0.009348334,0.084,0.0,0.012,0.6,0.6,-26.114777,2.097841,0.6992804,0.16800001,0.0,0.1237087,0.0,0.0
hardzero_only__c0p58__z1p00__lam0p000__nu0p50__psi0p00,0.084,borrow,57,1136,0.0,3,-0.6,-0.6,-0.61200005,1.0078737,0.0,0.09820335,0.0,0.0,0.084,0.0,0.012,0.6,0.6,-27.182802,2.2173662,0.7391221,0.16000001,0.0,0.15190421,0.0,0.0
hardzero_only__c0p58__z1p00__lam0p000__nu0p50__psi0p00,0.084,borrow,57,1137,0.0,3,-0.6,-0.6,-0.61200005,1.0451629,0.0,0.090123296,0.0,0.0,0.084,0.0,0.012,0.6,0.6,-27.742775,2.2994044,0.76646817,0.136,0.0,0.1541627,0.0,0.0
hardzero_only__c0p58__z1p00__lam0p000__nu0p50__psi0p00,0.084,borrow,57,1138,0.0,3,-0.6,-0.6,-0.6034833,0.9940063,0.10138968,0.10138968,1.0,0.008516733,0.084,0.0,0.012,0.6,0.6,-26.939297,2.1868575,0.7289525,0.2,0.0,0.14356671,0.0,0.0
hardzero_only__c0p58__z1p00__lam0p000__nu0p50__psi0p00,0.084,borrow,57,1139,0.0,3,-0.6,-0.6,-0.60113275,0.8881572,0.12937275,0.12937275,1.0,0.010867311,0.084,0.0,0.012,0.6,0.6,-24.824923,1.9539849,0.6513283,0.264,0.0,0.11607841,0.0,0.0
hardzero_only__c0p58__z1p00__lam0p000__nu0p50__psi0p00,0.084,borrow,57,1140,0.0,3,-0.6,-0.6,-0.60314906,0.97728676,0.1053691,0.1053691,1.0,0.008851004,0.084,0.0,0.012,0.6,0.6,-26.160048,2.1500738,0.71669126,0.16800001,0.0,0.14725912,0.0,0.0
hardzero_only__c0p58__z1p00__lam0p000__nu0p50__psi0p00,0.084,borrow,57,1141,0.0,3,-0.6,-0.6,-0.6022686,0.93610203,0.11585051,0.11585051,1.0,0.009731443,0.084,0.0,0.012,0.6,0.6,-26.441957,2.0594656,0.68648857,0.18400002,0.0,0.12888467,0.0,0.0
hardzero_only__c0p58__z1p00__lam0p000__nu0p50__psi0p00,0.084,borrow,57,1142,0.0,3,-0.6,-0.6,-0.60291857,0.9661215,0.10811315,0.10811315,1.0,0.009081504,0.084,0.0,0.012,0.6,0.6,-25.898718,2.1255097,0.70850325,0.208,0.0,0.14611484,0.0,0.0
hardzero_only__c0p58__z1p00__lam0p000__nu0p50__psi0p00,0.084,borrow,57,1143,0.0,3,-0.6,-0.6,-0.61200005,1.0131574,0.0,0.09701584,0.0,0.0,0.084,0.0,0.012,0.6,0.6,-26.293175,2.2289908,0.74299693,0.096,0.0,0.13869792,0.0,0.0
hardzero_only__c0p58__z1p00__lam0p000__nu0p50__psi0p00,0.084,borrow,57,1144,0.0,3,-0.6,-0.6,-0.6033405,0.98678464,0.10308973,0.10308973,1.0,0.008659537,0.084,0.0,0.012,0.6,0.6,-25.760689,2.1709695,0.72365654,0.22999999,0.0,0.12427269,0.0,0.0
hardzero_only__c0p58__z1p00__lam0p000__nu0p50__psi0p00,0.084,borrow,57,1145,0.0,3,-0.6,-0.6,-0.61200005,1.0272716,0.0,0.09391358,0.0,0.0,0.084,0.0,0.012,0.6,0.6,-26.943966,2.2600427,0.7533476,0.16000001,0.0,0.15429012,0.0,0.0
hardzero_only__c0p58__z1p00__lam0p000__nu0p50__psi0p00,0.084,borrow,57,1146,0.0,3,-0.6,-0.6,-0.6033028,0.9848958,0.10353904,0.10353904,1.0,0.00869728,0.084,0.0,0.012,0.6,0.6,-26.777283,2.166814,0.7222714,0.192,0.0,0.14896937,0.0,0.0
hardzero_only__c0p58__z1p00__lam0p000__nu0p50__psi0p00,0.084,borrow,57,1147,0.0,3,-0.6,-0.6,-0.60356116,0.9979945,0.10046286,0.10046286,1.0,0.008438881,0.084,0.0,0.012,0.6,0.6,-26.93623,2.1956317,0.73187727,0.216,0.0,0.15102597,0.0,0.0
hardzero_only__c0p58__z1p00__lam0p000__nu0p50__psi0p00,0.084,borrow,57,1148,0.0,3,-0.6,-0.6,-0.60358423,0.99918264,0.10018838,0.10018838,1.0,0.008415824,0.084,0.0,0.012,0.6,0.6,-26.421871,2.1982458,0.7327486,0.16000001,0.0,0.124328464,0.0,0.0
hardzero_only__c0p58__z1p00__lam0p000__nu0p50__psi0p00,0.084,borrow,57,1149,0.0,3,-0.6,-0.6,-0.61200005,1.0049685,0.0,0.09886246,0.0,0.0,0.084,0.0,0.012,0.6,0.6,-27.711037,2.210975,0.73699164,0.14400001,0.0,0.14015864,0.0,0.0
hardzero_only__c0p58__z1p00__lam0p000__nu0p50__psi0p00,0.084,borrow,57,1150,0.0,3,-0.6,-0.6,-0.6027551,0.9583764,0.1100585,0.1100585,1.0,0.009244914,0.084,0.0,0.012,0.6,0.6,-25.936722,2.1084702,0.7028234,0.192,0.008,0.1245097,0.0,0.0
hardzero_only__c0p58__z1p00__lam0p000__nu0p50__psi0p00,0.084,borrow,57,1151,0.0,3,-0.6,-0.6,-0.61200005,1.004069,0.0,0.09906746,0.0,0.0,0.084,0.0,0.012,0.6,0.6,-27.389479,2.2089958,0.73633194,0.2,0.0,0.1435133,0.0,0.0
hardzero_only__c0p58__z1p00__lam0p000__nu0p50__psi0p00,0.084,borrow,57,1152,0.0,3,-0.6,-0.6,-0.60335,0.9872595,0.10297705,0.10297705,1.0,0.008650072,0.084,0.0,0.012,0.6,0.6,-26.647102,2.1720142,0.72400475,0.216,0.0,0.14435746,0.0,0.0
hardzero_only__c0p58__z1p00__lam0p000__nu0p50__psi0p00,0.084,borrow,57,1153,0.0,3,-0.6,-0.6,-0.61200005,1.0403751,0.0,0.09112235,0.0,0.0,0.084,0.0,0.012,0.6,0.6,-27.703632,2.288871,0.76295704,0.17600001,0.0,0.14173004,0.0,0.0
hardzero_only__c0p58__z1p00__lam0p000__nu0p50__psi0p00,0.084,borrow,57,1154,0.0,3,-0.6,-0.6,-0.6018266,0.9168123,0.12111213,0.12111213,1.0,0.010173419,0.084,0.0,0.012,0.6,0.6,-25.028202,2.0170274,0.6723425,0.2,0.0,0.12629901,0.0,0.0
hardzero_only__c0p58__z1p00__lam0p000__nu0p50__psi0p00,0.084,borrow,57,1155,0.0,3,-0.6,-0.6,-0.6019019,0.920037,0.1202162,0.1202162,1.0,0.01009816,0.084,0.0,0.012,0.6,0.6,-24.90342,2.0241218,0.6747073,0.2,0.0,0.114452034,0.0,0.0
hardzero_only__c0p58__z1p00__lam0p000__nu0p50__psi0p00,0.084,borrow,57,1156,0.0,3,-0.6,-0.6,-0.61200005,1.0086403,0.0,0.09803014,0.0,0.0,0.084,0.0,0.012,0.6,0.6,-27.730017,2.219053,0.73968434,0.18400002,0.0,0.14957438,0.0,0.0
hardzero_only__c0p58__z1p00__lam0p000__nu0p50__psi0p00,0.084,borrow,57,1157,0.0,3,-0.6,-0.6,-0.6030763,0.9737312,0.10623527,0.10623527,1.0,0.0089237625,0.084,0.0,0.012,0.6,0.6,-26.73846,2.1422515,0.71408385,0.12,0.0,0.13441786,0.0,0.0
hardzero_only__c0p58__z1p00__lam0p000__nu0p50__psi0p00,0.084,borrow,57,1158,0.0,3,-0.6,-0.6,-0.6029988,0.9699773,0.10715751,0.10715751,1.0,0.009001231,0.084,0.0,0.012,0.6,0.6,-26.235943,2.1339927,0.7113309,0.224,0.0,0.13513122,0.0,0.0
hardzero_only__c0p58__z1p00__lam0p000__nu0p50__psi0p00,0.084,borrow,57,1159,0.0,3,-0.6,-0.6,-0.61200005,1.0098166,0.0,0.09776497,0.0,0.0,0.084,0.0,0.012,0.6,0.6,-27.73484,2.221641,0.74054706,0.192,0.0,0.14009708,0.0,0.0
hardzero_only__c0p58__z1p00__lam0p000__nu0p50__psi0p00,0.084,borrow,57,1160,0.0,3,-0.6,-0.6,-0.60258144,0.950292,0.112126425,0.112126425,1.0,0.00941862,0.084,0.0,0.012,0.6,0.6,-25.931648,2.0906842,0.69689476,0.2,0.0,0.12317238,0.0,0.0
hardzero_only__c0p58__z1p00__lam0p000__nu0p50__psi0p00,0.084,borrow,57,1161,0.0,3,-0.6,-0.6,-0.61200005,1.0253078,0.0,0.09433921,0.0,0.0,0.084,0.0,0.012,0.6,0.6,-26.412048,2.255722,0.75190735,0.120000005,0.0,0.12861471,0.0,0.0
hardzero_only__c0p58__z1p00__lam0p000__nu0p50__psi0p00,0.084,borrow,57,1162,0.0,3,-0.6,-0.6,-0.61200005,1.0043563,0.0,0.099001944,0.0,0.0,0.084,0.0,0.012,0.6,0.6,-26.729895,2.2096279,0.73654264,0.136,0.0,0.13408065,0.0,0.0
hardzero_only__c0p58__z1p00__lam0p000__nu0p50__psi0p00,0.084,borrow,57,1163,0.0,3,-0.6,-0.6,-0.61200005,1.0115837,0.0,0.09736802,0.0,0.0,0.084,0.0,0.012,0.6,0.6,-27.352724,2.2255285,0.74184287,0.136,0.0,0.15559559,0.0,0.0
hardzero_only__c0p58__z1p00__lam0p000__nu0p50__psi0p00,0.084,borrow,57,1164,0.0,3,-0.6,-0.6,-0.6027099,0.9562567,0.11059699,0.11059699,1.0,0.009290148,0.084,0.0,0.012,0.6,0.6,-26.091314,2.1038067,0.7012689,0.208,0.0,0.13345467,0.0,0.0
hardzero_only__c0p58__z1p00__lam0p000__nu0p50__psi0p00,0.084,borrow,57,1165,0.0,3,-0.6,-0.6,-0.61200005,1.0251634,0.0,0.09437056,0.0,0.0,0.084,0.0,0.012,0.6,0.6,-26.755335,2.2554045,0.7518015,0.24800001,0.0,0.15814316,0.0,0.0
hardzero_only__c0p58__z1p00__lam0p000__nu0p50__psi0p00,0.084,borrow,57,1166,0.0,3,-0.6,-0.6,-0.6035868,0.999314,0.10015807,0.10015807,1.0,0.008413278,0.084,0.0,0.012,0.6,0.6,-26.733965,2.1985347,0.73284495,0.112,0.0,0.12296925,0.0,0.0
hardzero_only__c0p58__z1p00__lam0p000__nu0p50__psi0p00,0.084,borrow,57,1167,0.0,3,-0.6,-0.6,-0.61200005,1.0317017,0.0,0.092960455,0.0,0.0,0.084,0.0,0.012,0.6,0.6,-27.45593,2.269789,0.7565963,0.14400001,0.0,0.14799963,0.0,0.0
hardzero_only__c0p58__z1p00__lam0p000__nu0p50__psi0p00,0.084,borrow,57,1168,0.0,3,-0.6,-0.6,-0.61200005,1.0008699,0.0,0.0997999,0.0,0.0,0.084,0.0,0.012,0.6,0.6,-27.428574,2.2019577,0.7339859,0.16800001,0.0,0.1412086,0.0,0.0
hardzero_only__c0p58__z1p00__lam0p000__nu0p50__psi0p00,0.084,borrow,57,1169,0.0,3,-0.6,-0.6,-0.6029165,0.96602255,0.108137764,0.108137764,1.0,0.009083572,0.084,0.0,0.012,0.6,0.6,-26.458214,2.125292,0.7084307,0.120000005,0.0,0.14726397,0.0,0.0
hardzero_only__c0p58__z1p00__lam0p000__nu0p50__psi0p00,0.084,borrow,57,1170,0.0,3,-0.6,-0.6,-0.603452,0.9924143,0.10176202,0.10176202,1.0,0.008548009,0.084,0.0,0.012,0.6,0.6,-26.277096,2.183355,0.72778505,0.12,0.0,0.11739103,0.0,0.0
hardzero_only__c0p58__z1p00__lam0p000__nu0p50__psi0p00,0.084,borrow,57,1171,0.0,3,-0.6,-0.6,-0.61200005,1.0266258,0.0,0.094053335,0.0,0.0,0.084,0.0,0.012,0.6,0.6,-27.500198,2.2586217,0.7528739,0.136,0.0,0.11887243,0.0,0.0
hardzero_only__c0p58__z1p00__lam0p000__nu0p50__psi0p00,0.084,borrow,57,1172,0.0,3,-0.6,-0.6,-0.6027448,0.9578908,0.11018163,0.11018163,1.0,0.0092552565,0.084,0.0,0.012,0.6,0.6,-26.876057,2.1074018,0.7024673,0.18400002,0.0,0.14934179,0.0,0.0
hardzero_only__c0p58__z1p00__lam0p000__nu0p50__psi0p00,0.084,borrow,57,1173,0.0,3,-0.6,-0.6,-0.603493,0.9944987,0.101274766,0.101274766,1.0,0.00850708,0.084,0.0,0.012,0.6,0.6,-27.082209,2.1879408,0.7293136,0.15200001,0.0,0.1311994,0.0,0.0
hardzero_only__c0p58__z1p00__lam0p000__nu0p50__psi0p00,0.084,borrow,57,1174,0.0,3,-0.6,-0.6,-0.6022155,0.93374026,0.116482235,0.116482235,1.0,0.009784508,0.084,0.0,0.012,0.6,0.6,-26.484348,2.0542696,0.6847565,0.2,0.0,0.1288601,0.0,0.0
hardzero_only__c0p58__z1p00__lam0p000__nu0p50__psi0p00,0.084,borrow,57,1175,0.0,3,-0.6,-0.6,-0.61200005,1.0030627,0.0,0.09929726,0.0,0.0,0.084,0.0,0.012,0.6,0.6,-27.114672,2.206782,0.73559403,0.120000005,0.0,0.1645979,0.0,0.0
hardzero_only__c0p58__z1p00__lam0p000__nu0p50__psi0p00,0.084,borrow,57,1176,0.0,3,-0.6,-0.6,-0.61200005,1.0420195,0.0,0.090777986,0.0,0.0,0.084,0.0,0.012,0.6,0.6,-27.789204,2.2924886,0.7641629,0.14400001,0.0,0.1529048,0.0,0.0
hardzero_only__c0p58__z1p00__lam0p000__nu0p50__psi0p00,0.084,borrow,57,1177,0.0,3,-0.6,-0.6,-0.61200005,1.04777,0.0,0.08958389,0.0,0.0,0.084,0.0,0.012,0.6,0.6,-27.689634,2.30514,0.76838005,0.080000006,0.0,0.1567983,0.0,0.0
hardzero_only__c0p58__z1p00__lam0p000__nu0p50__psi0p00,0.084,borrow,57,1178,0.0,3,-0.6,-0.6,-0.61200005,1.0331355,0.0,0.092654064,0.0,0.0,0.084,0.0,0.012,0.6,0.6,-27.487112,2.2729435,0.7576479,0.080000006,0.0,0.114494555,0.0,0.0
hardzero_only__c0p58__z1p00__lam0p000__nu0p50__psi0p00,0.084,borrow,57,1179,0.0,3,-0.6,-0.6,-0.60335624,0.98757344,0.102902636,0.102902636,1.0,0.008643821,0.084,0.0,0.012,0.6,0.6,-26.218145,2.172705,0.724235,0.17600001,0.0,0.120098636,0.0,0.0
hardzero_only__c0p58__z1p00__lam0p000__nu0p50__psi0p00,0.084,borrow,57,1180,0.0,3,-0.6,-0.6,-0.61200005,1.0190768,0.0,0.09570247,0.0,0.0,0.084,0.0,0.012,0.6,0.6,-27.378935,2.2420137,0.74733794,0.136,0.0,0.14037588,0.0,0.0
hardzero_only__c0p58__z1p00__lam0p000__nu0p50__psi0p00,0.084,borrow,57,1181,0.0,3,-0.6,-0.6,-0.61200005,1.0814636,0.0,0.08289654,0.0,0.0,0.084,0.0,0.012,0.6,0.6,-27.81259,2.3792675,0.79308915,0.080000006,0.0,0.16742966,0.0,0.0
hardzero_only__c0p58__z1p00__lam0p000__nu0p50__psi0p00,0.084,borrow,57,1182,0.0,3,-0.6,-0.6,-0.61200005,1.0005473,0.0,0.09987404,0.0,0.0,0.084,0.0,0.012,0.6,0.6,-27.18752,2.201248,0.73374933,0.2,0.0,0.14791884,0.0,0.0
hardzero_only__c0p58__z1p00__lam0p000__nu0p50__psi0p00,0.084,borrow,57,1183,0.0,3,-0.6,-0.6,-0.6027387,0.95760405,0.1102544,0.1102544,1.0,0.00926137,0.084,0.0,0.012,0.6,0.6,-26.234106,2.106771,0.70225704,0.14999999,0.0,0.12605293,0.0,0.0
hardzero_only__c0p58__z1p00__lam0p000__nu0p50__psi0p00,0.084,borrow,57,1184,0.0,3,-0.6,-0.6,-0.61200005,1.0068578,0.0,0.09843335,0.0,0.0,0.084,0.0,0.012,0.6,0.6,-27.227049,2.2151313,0.7383771,0.15200001,0.0,0.11600117,0.0,0.0
hardzero_only__c0p58__z1p00__lam0p000__nu0p50__psi0p00,0.084,borrow,57,1185,0.0,3,-0.6,-0.6,-0.60346276,0.9929583,0.10163462,0.10163462,1.0,0.008537308,0.084,0.0,0.012,0.6,0.6,-26.806026,2.184552,0.728184,0.136,0.0,0.13072982,0.0,0.0
hardzero_only__c0p58__z1p00__lam0p000__nu0p50__psi0p00,0.084,borrow,57,1186,0.0,3,-0.6,-0.6,-0.6028243,0.9616377,0.109235115,0.109235115,1.0,0.0091757495,0.084,0.0,0.012,0.6,0.6,-26.25885,2.1156452,0.7052151,0.136,0.0,0.14232796,0.0,0.0
hardzero_only__c0p58__z1p00__lam0p000__nu0p50__psi0p00,0.084,borrow,57,1187,0.0,3,-0.6,-0.6,-0.61200005,1.0453161,0.0,0.09009152,0.0,0.0,0.084,0.0,0.012,0.6,0.6,-27.55747,2.2997413,0.76658046,0.17600001,0.0,0.15515567,0.0,0.0
hardzero_only__c0p58__z1p00__lam0p000__nu0p50__psi0p00,0.084,borrow,57,1188,0.0,3,-0.6,-0.6,-0.6034032,0.9899402,0.10234339,0.10234339,1.0,0.008596844,0.084,0.0,0.012,0.6,0.6,-26.599474,2.177912,0.7259707,0.112,0.0,0.124804206,0.0,0.0
hardzero_only__c0p58__z1p00__lam0p000__nu0p50__psi0p00,0.084,borrow,57,1189,0.0,3,-0.6,-0.6,-0.61200005,1.0220864,0.0,0.095041566,0.0,0.0,0.084,0.0,0.012,0.6,0.6,-26.816166,2.248635,0.74954504,0.216,0.0,0.14962491,0.0,0.0
hardzero_only__c0p58__z1p00__lam0p000__nu0p50__psi0p00,0.084,borrow,57,1190,0.0,3,-0.6,-0.6,-0.61200005,1.0002412,0.0,0.09994449,0.0,0.0,0.084,0.0,0.012,0.6,0.6,-27.118492,2.2005744,0.7335248,0.17600001,0.0,0.1686771,0.0,0.0
hardzero_only__c0p58__z1p00__lam0p000__nu0p50__psi0p00,0.084,borrow,57,1191,0.0,3,-0.6,-0.6,-0.6034967,0.9946876,0.10123073,0.10123073,1.0,0.008503381,0.084,0.0,0.012,0.6,0.6,-26.929426,2.1883564,0.72945213,0.136,0.0,0.13517801,0.0,0.0
hardzero_only__c0p58__z1p00__lam0p000__nu0p50__psi0p00,0.084,borrow,57,1192,0.0,3,-0.6,-0.6,-0.6023348,0.9390672,0.11506222,0.11506222,1.0,0.009665227,0.084,0.0,0.012,0.6,0.6,-26.678343,2.065989,0.688663,0.2,0.0,0.12015051,0.0,0.0
hardzero_only__c0p58__z1p00__lam0p000__nu0p50__psi0p00,0.084,borrow,57,1193,0.0,3,-0.6,-0.6,-0.61200005,1.0068597,0.0,0.098432906,0.0,0.0,0.084,0.0,0.012,0.6,0.6,-26.416727,2.2151356,0.7383785,0.16800001,0.0,0.15861845,0.0,0.0
hardzero_only__c0p58__z1p00__lam0p000__nu0p50__psi0p00,0.084,borrow,57,1194,0.0,3,-0.6,-0.6,-0.61200005,1.0108199,0.0,0.097539395,0.0,0.0,0.084,0.0,0.012,0.6,0.6,-27.513083,2.223848,0.7412827,0.16800001,0.0,0.15458982,0.0,0.0
hardzero_only__c0p58__z1p00__lam0p000__nu0p50__psi0p00,0.084,borrow,57,1195,0.0,3,-0.6,-0.6,-0.60306734,0.9732974,0.10634145,0.10634145,1.0,0.008932682,0.084,0.0,0.012,0.6,0.6,-26.859802,2.141297,0.71376574,0.14400001,0.0,0.14965092,0.0,0.0
hardzero_only__c0p58__z1p00__lam0p000__nu0p50__psi0p00,0.084,borrow,57,1196,0.0,3,-0.6,-0.6,-0.61200005,1.0489887,0.0,0.08933288,0.0,0.0,0.084,0.0,0.012,0.6,0.6,-28.00113,2.3078213,0.76927376,0.14,0.0,0.14933044,0.0,0.0
hardzero_only__c0p58__z1p00__lam0p000__nu0p50__psi0p00,0.084,borrow,57,1197,0.0,3,-0.6,-0.6,-0.61200005,1.0114813,0.0,0.09739098,0.0,0.0,0.084,0.0,0.012,0.6,0.6,-27.484594,2.2253032,0.74176776,0.17600001,0.0,0.16149259,0.0,0.0
hardzero_only__c0p58__z1p00__lam0p000__nu0p50__psi0p00,0.084,borrow,57,1198,0.0,3,-0.6,-0.6,-0.6030925,0.9745216,0.10604212,0.10604212,1.0,0.008907538,0.084,0.0,0.012,0.6,0.6,-26.878977,2.1439903,0.71466345,0.18400002,0.0,0.121175185,0.0,0.0
hardzero_only__c0p58__z1p00__lam0p000__nu0p50__psi0p00,0.084,borrow,57,1199,0.0,3,-0.6,-0.6,-0.60285515,0.96309936,0.1088681,0.1088681,1.0,0.00914492,0.084,0.0,0.012,0.6,0.6,-26.658552,2.118861,0.706287,0.2,0.0,0.15868726,0.0,0.0
hardzero_only__c0p58__z1p00__lam0p000__nu0p50__psi0p00,0.084,borrow,57,1200,0.0,3,-0.6,-0.6,-0.60279113,0.9600703,0.10963007,0.10963007,1.0,0.009208926,0.084,0.0,0.012,0.6,0.6,-26.151407,2.112197,0.7040657,0.18400002,0.0,0.16729969,0.0,0.0
hardzero_only__c0p58__z1p00__lam0p000__nu0p50__psi0p00,0.084,borrow,57,1201,0.0,3,-0.6,-0.6,-0.61200005,1.0215899,0.0,0.0951503,0.0,0.0,0.084,0.0,0.012,0.6,0.6,-26.366224,2.2475426,0.7491809,0.136,0.0,0.15016676,0.0,0.0
hardzero_only__c0p58__z1p00__lam0p000__nu0p50__psi0p00,0.084,borrow,57,1202,0.0,3,-0.6,-0.6,-0.61200005,1.0475582,0.0,0.08962761,0.0,0.0,0.084,0.0,0.012,0.6,0.6,-28.249712,2.3046741,0.7682247,0.14400001,0.0,0.1497388,0.0,0.0
hardzero_only__c0p58__z1p00__lam0p000__nu0p50__psi0p00,0.084,borrow,57,1203,0.0,3,-0.6,-0.6,-0.61200005,1.0066029,0.0,0.098491125,0.0,0.0,0.084,0.0,0.012,0.6,0.6,-26.9334,2.2145705,0.7381902,0.136,0.0,0.13611037,0.0,0.0
hardzero_only__c0p58__z1p00__lam0p000__nu0p50__psi0p00,0.084,borrow,57,1204,0.0,3,-0.6,-0.6,-0.6026228,0.95220363,0.111633964,0.111633964,1.0,0.009377253,0.084,0.0,0.012,0.6,0.6,-26.176908,2.0948899,0.69829667,0.16800001,0.0,0.15054297,0.0,0.0
hardzero_only__c0p58__z1p00__lam0p000__nu0p50__psi0p00,0.084,borrow,57,1205,0.0,3,-0.6,-0.6,-0.61200005,1.0015432,0.0,0.09964532,0.0,0.0,0.084,0.0,0.012,0.6,0.6,-27.166018,2.203439,0.73447967,0.17600001,0.0,0.11668367,0.0,0.0
hardzero_only__c0p58__z1p00__lam0p000__nu0p50__psi0p00,0.084,borrow,57,1206,0.0,3,-0.6,-0.6,-0.61200005,1.0088642,0.0,0.09797963,0.0,0.0,0.084,0.0,0.012,0.6,0.6,-27.223114,2.2195456,0.73984855,0.136,0.0,0.14350054,0.0,0.0
hardzero_only__c0p58__z1p00__lam0p000__nu0p50__psi0p00,0.084,borrow,57,1207,0.0,3,-0.6,-0.6,-0.6034768,0.99367476,0.1014671,0.1014671,1.0,0.008523237,0.084,0.0,0.012,0.6,0.6,-26.304815,2.1861281,0.7287094,0.136,0.0,0.13111599,0.0,0.0
hardzero_only__c0p58__z1p00__lam0p000__nu0p50__psi0p00,0.084,borrow,57,1208,0.0,3,-0.6,-0.6,-0.60339993,0.9897765,0.102381974,0.102381974,1.0,0.008600086,0.084,0.0,0.012,0.6,0.6,-27.007704,2.1775517,0.7258506,0.128,0.0,0.14109738,0.0,0.0
hardzero_only__c0p58__z1p00__lam0p000__nu0p50__psi0p00,0.084,borrow,57,1209,0.0,3,-0.6,-0.6,-0.60285705,0.963191,0.10884514,0.10884514,1.0,0.009142991,0.084,0.0,0.012,0.6,0.6,-26.446154,2.1190624,0.70635414,0.14,0.0,0.14908056,0.0,0.0
hardzero_only__c0p58__z1p00__lam0p000__nu0p50__psi0p00,0.084,borrow,57,1210,0.0,3,-0.6,-0.6,-0.6021764,0.9320075,0.11694792,0.11694792,1.0,0.009823625,0.084,0.0,0.012,0.6,0.6,-25.979963,2.0504575,0.68348587,0.23200001,0.0,0.1460618,0.0,0.0
hardzero_only__c0p58__z1p00__lam0p000__nu0p50__psi0p00,0.084,borrow,57,1211,0.0,3,-0.6,-0.6,-0.6033761,0.9885726,0.10266618,0.10266618,1.0,0.008623959,0.084,0.0,0.012,0.6,0.6,-26.508434,2.1749032,0.7249677,0.16800001,0.0,0.14043626,0.0,0.0
hardzero_only__c0p58__z1p00__lam0p000__nu0p50__psi0p00,0.084,borrow,57,1212,0.0,3,-0.6,-0.6,-0.61200005,1.0076737,0.0,0.09824858,0.0,0.0,0.084,0.0,0.012,0.6,0.6,-27.474897,2.2169266,0.7389755,0.15200001,0.0,0.16002731,0.0,0.0
hardzero_only__c0p58__z1p00__lam0p000__nu0p50__psi0p00,0.084,borrow,57,1213,0.0,3,-0.6,-0.6,-0.6029826,0.96919495,0.10735073,0.10735073,1.0,0.009017461,0.084,0.0,0.012,0.6,0.6,-26.055983,2.1322715,0.7107572,0.136,0.0,0.14120975,0.0,0.0
hardzero_only__c0p58__z1p00__lam0p000__nu0p50__psi0p00,0.084,borrow,57,1214,0.0,3,-0.6,-0.6,-0.61200005,1.0116,0.0,0.09736435,0.0,0.0,0.084,0.0,0.012,0.6,0.6,-26.622551,2.2255645,0.74185485,0.136,0.0,0.15574682,0.0,0.0
hardzero_only__c0p58__z1p00__lam0p000__nu0p50__psi0p00,0.084,borrow,57,1215,0.0,3,-0.6,-0.6,-0.6031429,0.9769862,0.105442025,0.105442025,1.0,0.00885713,0.084,0.0,0.012,0.6,0.6,-26.405792,2.1494126,0.7164709,0.112,0.0,0.14637963,0.0,0.0
hardzero_only__c0p58__z1p00__lam0p000__nu0p50__psi0p00,0.084,borrow,57,1216,0.0,3,-0.6,-0.6,-0.61200005,1.0246962,0.0,0.09447213,0.0,0.0,0.084,0.0,0.012,0.6,0.6,-27.304373,2.2543766,0.7514589,0.16000001,0.0,0.12536909,0.0,0.0
hardzero_only__c0p58__z1p00__lam0p000__nu0p50__psi0p00,0.084,borrow,57,1217,0.0,3,-0.6,-0.6,-0.61200005,1.0706532,0.0,0.08498589,0.0,0.0,0.084,0.0,0.012,0.6,0.6,-27.977083,2.355484,0.7851614,0.14400001,0.0,0.17996727,0.0,0.0
hardzero_only__c0p58__z1p00__lam0p000__nu0p50__psi0p00,0.084,borrow,57,1218,0.0,3,-0.6,-0.6,-0.60270953,0.95623857,0.11060161,0.11060161,1.0,0.009290535,0.084,0.0,0.012,0.6,0.6,-27.163752,2.103767,0.7012557,0.18400002,0.008,0.14574729,0.0,0.0
hardzero_only__c0p58__z1p00__lam0p000__nu0p50__psi0p00,0.084,borrow,57,1219,0.0,3,-0.6,-0.6,-0.60264546,0.9532545,0.11136417,0.11136417,1.0,0.00935459,0.084,0.0,0.012,0.6,0.6,-27.361412,2.0972018,0.6990673,0.2,0.008,0.14888354,0.0,0.0
hardzero_only__c0p58__z1p00__lam0p000__nu0p50__psi0p00,0.084,borrow,57,1220,0.0,3,-0.6,-0.6,-0.6035057,0.995147,0.101123706,0.101123706,1.0,0.008494391,0.084,0.0,0.012,0.6,0.6,-26.140184,2.189367,0.729789,0.15200001,0.0,0.15352921,0.0,0.0
hardzero_only__c0p58__z1p00__lam0p000__nu0p50__psi0p00,0.084,borrow,57,1221,0.0,3,-0.6,-0.6,-0.60351235,0.99548835,0.10104425,0.10104425,1.0,0.008487717,0.084,0.0,0.012,0.6,0.6,-28.05418,2.190118,0.73003936,0.17600001,0.0,0.16321737,0.0,0.0
hardzero_only__c0p58__z1p00__lam0p000__nu0p50__psi0p00,0.084,borrow,57,1222,0.0,3,-0.6,-0.6,-0.61200005,1.0012043,0.0,0.0997231,0.0,0.0,0.084,0.0,0.012,0.6,0.6,-26.888046,2.2026935,0.7342312,0.16,0.0,0.16822551,0.0,0.0
hardzero_only__c0p58__z1p00__lam0p000__nu0p50__psi0p00,0.084,borrow,57,1223,0.0,3,-0.6,-0.6,-0.60344416,0.99201554,0.101855494,0.101855494,1.0,0.008555861,0.084,0.0,0.012,0.6,0.6,-26.862967,2.1824777,0.7274926,0.192,0.0,0.13839398,0.0,0.0
hardzero_only__c0p58__z1p00__lam0p000__nu0p50__psi0p00,0.084,borrow,57,1224,0.0,3,-0.6,-0.6,-0.60308945,0.974373,0.10607841,0.10607841,1.0,0.008910586,0.084,0.0,0.012,0.6,0.6,-26.301256,2.1436634,0.7145545,0.224,0.008,0.13978133,0.0,0.0
hardzero_only__c0p58__z1p00__lam0p000__nu0p50__psi0p00,0.084,borrow,57,1225,0.0,3,-0.6,-0.6,-0.61200005,1.0474671,0.0,0.089646414,0.0,0.0,0.084,0.0,0.012,0.6,0.6,-28.280537,2.3044736,0.7681579,0.16800001,0.0,0.13530026,0.0,0.0
hardzero_only__c0p58__z1p00__lam0p000__nu0p50__psi0p00,0.084,borrow,57,1226,0.0,3,-0.6,-0.6,-0.60313225,0.97646433,0.10556881,0.10556881,1.0,0.00886778,0.084,0.0,0.012,0.6,0.6,-26.803524,2.1482644,0.7160882,0.15200001,0.0,0.12508093,0.0,0.0
hardzero_only__c0p58__z1p00__lam0p000__nu0p50__psi0p00,0.084,borrow,57,1227,0.0,3,-0.6,-0.6,-0.61200005,1.007173,0.0,0.09836194,0.0,0.0,0.084,0.0,0.012,0.6,0.6,-26.247887,2.2158246,0.73860824,0.128,0.0,0.1611509,0.0,0.0
hardzero_only__c0p58__z1p00__lam0p000__nu0p50__psi0p00,0.084,borrow,57,1228,0.0,3,-0.6,-0.6,-0.603482,0.9939395,0.10140526,0.10140526,1.0,0.008518042,0.084,0.0,0.012,0.6,0.6,-26.109255,2.1867106,0.72890353,0.17600001,0.0,0.12664393,0.0,0.0
hardzero_only__c0p58__z1p00__lam0p000__nu0p50__psi0p00,0.084,borrow,57,1229,0.0,3,-0.6,-0.6,-0.6034441,0.99201196,0.10185632,0.10185632,1.0,0.008555931,0.084,0.0,0.012,0.6,0.6,-26.381847,2.1824698,0.72748995,0.18400002,0.0,0.14261861,0.0,0.0
hardzero_only__c0p58__z1p00__lam0p000__nu0p50__psi0p00,0.084,borrow,57,1230,0.0,3,-0.6,-0.6,-0.603054,0.97264767,0.10650067,0.10650067,1.0,0.0089460565,0.084,0.0,0.012,0.6,0.6,-26.646008,2.1398675,0.7132892,0.15200001,0.0,0.13831012,0.0,0.0
hardzero_only__c0p58__z1p00__lam0p000__nu0p50__psi0p00,0.084,borrow,57,1231,0.0,3,-0.6,-0.6,-0.6034147,0.9905212,0.102206565,0.102206565,1.0,0.0085853515,0.084,0.0,0.012,0.6,0.6,-27.183535,2.1791902,0.72639674,0.216,0.0,0.1408138,0.0,0.0
hardzero_only__c0p58__z1p00__lam0p000__nu0p50__psi0p00,0.084,borrow,57,1232,0.0,3,-0.6,-0.6,-0.603453,0.9924629,0.10175064,0.10175064,1.0,0.008547054,0.084,0.0,0.012,0.6,0.6,-26.021547,2.183462,0.72782063,0.18400002,0.0,0.11550891,0.0,0.0
hardzero_only__c0p58__z1p00__lam0p000__nu0p50__psi0p00,0.084,borrow,57,1233,0.0,3,-0.6,-0.6,-0.60319835,0.97971284,0.104782104,0.104782104,1.0,0.008801697,0.084,0.0,0.012,0.6,0.6,-27.135965,2.1554112,0.71847045,0.17600001,0.0,0.14305729,0.0,0.0
hardzero_only__c0p58__z1p00__lam0p000__nu0p50__psi0p00,0.084,borrow,57,1234,0.0,3,-0.6,-0.6,-0.61200005,1.0085613,0.0,0.09804801,0.0,0.0,0.084,0.0,0.012,0.6,0.6,-26.819584,2.218879,0.73962635,0.128,0.0,0.13602301,0.0,0.0
hardzero_only__c0p58__z1p00__lam0p000__nu0p50__psi0p00,0.084,borrow,57,1235,0.0,3,-0.6,-0.6,-0.6031581,0.9777314,0.10526125,0.10526125,1.0,0.008841945,0.084,0.0,0.012,0.6,0.6,-25.985853,2.151052,0.71701735,0.17999999,0.0,0.11585444,0.0,0.0
hardzero_only__c0p58__z1p00__lam0p000__nu0p50__psi0p00,0.084,borrow,57,1236,0.0,3,-0.6,-0.6,-0.60177606,0.9146601,0.121713825,0.121713825,1.0,0.010223961,0.084,0.0,0.012,0.6,0.6,-25.073244,2.0122924,0.67076415,0.16000001,0.0,0.12074321,0.0,0.0
hardzero_only__c0p58__z1p00__lam0p000__nu0p50__psi0p00,0.084,borrow,57,1237,0.0,3,-0.6,-0.6,-0.60331416,0.9854663,0.10340314,0.10340314,1.0,0.008685864,0.084,0.0,0.012,0.6,0.6,-26.861166,2.1680691,0.72268975,0.14400001,0.0,0.1335332,0.0,0.0
hardzero_only__c0p58__z1p00__lam0p000__nu0p50__psi0p00,0.084,borrow,57,1238,0.0,3,-0.6,-0.6,-0.6030765,0.9737434,0.106232315,0.106232315,1.0,0.008923515,0.084,0.0,0.012,0.6,0.6,-26.41674,2.1422782,0.71409273,0.208,0.0,0.11909335,0.0,0.0
hardzero_only__c0p58__z1p00__lam0p000__nu0p50__psi0p00,0.084,borrow,57,1239,0.0,3,-0.6,-0.6,-0.61200005,1.0080644,0.0,0.09816023,0.0,0.0,0.084,0.0,0.012,0.6,0.6,-27.307323,2.2177858,0.739262,0.104,0.0,0.118221365,0.0,0.0
hardzero_only__c0p58__z1p00__lam0p000__nu0p50__psi0p00,0.084,borrow,57,1240,0.0,3,-0.6,-0.6,-0.6024841,0.94582665,0.113285236,0.113285236,1.0,0.00951596,0.084,0.0,0.012,0.6,0.6,-26.707851,2.0808601,0.6936201,0.15200001,0.0,0.11321462,0.0,0.0
hardzero_only__c0p58__z1p00__lam0p000__nu0p50__psi0p00,0.084,borrow,57,1241,0.0,3,-0.6,-0.6,-0.61200005,1.0283457,0.0,0.09368161,0.0,0.0,0.084,0.0,0.012,0.6,0.6,-27.959831,2.2624056,0.75413525,0.120000005,0.0,0.16178784,0.0,0.0
hardzero_only__c0p58__z1p00__lam0p000__nu0p50__psi0p00,0.084,borrow,57,1242,0.0,3,-0.6,-0.6,-0.6030892,0.9743616,0.10608119,0.10608119,1.0,0.00891082,0.084,0.0,0.012,0.6,0.6,-26.614305,2.1436384,0.71454614,0.2,0.0,0.16643687,0.0,0.0
hardzero_only__c0p58__z1p00__lam0p000__nu0p50__psi0p00,0.084,borrow,57,1243,0.0,3,-0.6,-0.6,-0.602971,0.96863884,0.10748829,0.10748829,1.0,0.009029016,0.084,0.0,0.012,0.6,0.6,-26.313509,2.131048,0.7103493,0.16000001,0.0,0.14211564,0.0,0.0
hardzero_only__c0p58__z1p00__lam0p000__nu0p50__psi0p00,0.084,borrow,57,1244,0.0,3,-0.6,-0.6,-0.603447,0.9921581,0.10182206,0.10182206,1.0,0.008553053,0.084,0.0,0.012,0.6,0.6,-26.545834,2.1827915,0.7275972,0.192,0.0,0.16571634,0.0,0.0
hardzero_only__c0p58__z1p00__lam0p000__nu0p50__psi0p00,0.084,borrow,57,1245,0.0,3,-0.6,-0.6,-0.6030599,0.9729329,0.10643074,0.10643074,1.0,0.008940182,0.084,0.0,0.012,0.6,0.6,-26.870224,2.140495,0.71349835,0.104,0.0,0.12588936,0.0,0.0
hardzero_only__c0p58__z1p00__lam0p000__nu0p50__psi0p00,0.084,borrow,57,1246,0.0,3,-0.6,-0.6,-0.61200005,1.0026112,0.0,0.09940056,0.0,0.0,0.084,0.0,0.012,0.6,0.6,-27.36763,2.2057886,0.7352629,0.128,0.0,0.12647815,0.0,0.0
hardzero_only__c0p58__z1p00__lam0p000__nu0p50__psi0p00,0.084,borrow,57,1247,0.0,3,-0.6,-0.6,-0.61200005,1.0181947,0.0,0.09589708,0.0,0.0,0.084,0.0,0.012,0.6,0.6,-27.280622,2.240073,0.746691,0.16000001,0.0,0.14853135,0.0,0.0
hardzero_only__c0p58__z1p00__lam0p000__nu0p50__psi0p00,0.084,borrow,57,1248,0.0,3,-0.6,-0.6,-0.61200005,1.0047345,0.0,0.09891575,0.0,0.0,0.084,0.0,0.012,0.6,0.6,-27.442495,2.2104602,0.7368201,0.16,0.0,0.14187431,0.0,0.0
hardzero_only__c0p58__z1p00__lam0p000__nu0p50__psi0p00,0.084,borrow,57,1249,0.0,3,-0.6,-0.6,-0.6031701,0.9783222,0.10511818,0.10511818,1.0,0.008829927,0.084,0.0,0.012,0.6,0.6,-26.82931,2.1523519,0.7174506,0.23200001,0.0,0.12682813,0.0,0.0
